3.100000000000000000e+01 3.000000000000000000e+01 3.100000000000000000e+01 3.789492383515224994e-03 -1.564097368634328599e-04
3.200000000000000000e+01 3.000000000000000000e+01 3.100000000000000000e+01 -1.468927234555050809e-03 -8.950251995362442205e-04
3.300000000000000000e+01 3.000000000000000000e+01 3.100000000000000000e+01 -7.625141254761769183e-04 -6.516487817090461324e-04
3.400000000000000000e+01 3.000000000000000000e+01 3.100000000000000000e+01 -2.906549296362581636e-04 -3.540521149694198259e-04
3.500000000000000000e+01 3.000000000000000000e+01 3.100000000000000000e+01 0.000000000000000000e+00 -3.553320081366196556e-16
3.600000000000000000e+01 3.000000000000000000e+01 3.100000000000000000e+01 1.079858772890518459e-04 4.081179720242184895e-04
3.700000000000000000e+01 3.000000000000000000e+01 3.100000000000000000e+01 1.028930138571304553e-04 8.797590849925492713e-04
3.800000000000000000e+01 3.000000000000000000e+01 3.100000000000000000e+01 9.176930558124629655e-05 1.399994060376260740e-03
3.900000000000000000e+01 3.000000000000000000e+01 3.100000000000000000e+01 -1.821227189069407615e-05 1.981668957201054328e-03
4.000000000000000000e+01 3.000000000000000000e+01 3.100000000000000000e+01 4.530359283334561837e-04 2.631986530862883387e-03
4.100000000000000000e+01 3.000000000000000000e+01 3.100000000000000000e+01 9.929989668485128540e-04 3.323283420268659076e-03
4.200000000000000000e+01 3.000000000000000000e+01 3.100000000000000000e+01 1.196150338026891191e-03 4.053668342317472834e-03
4.300000000000000000e+01 3.000000000000000000e+01 3.100000000000000000e+01 1.209915687522378214e-03 4.797905766408177251e-03
4.400000000000000000e+01 3.000000000000000000e+01 3.100000000000000000e+01 4.856476758814398664e-04 5.620606927707045945e-03
4.500000000000000000e+01 3.000000000000000000e+01 3.100000000000000000e+01 -3.838528436269639244e-04 6.434126789298047142e-03
4.600000000000000000e+01 3.000000000000000000e+01 3.100000000000000000e+01 -1.304507390251286036e-03 7.227156280594653620e-03
4.700000000000000000e+01 3.000000000000000000e+01 3.100000000000000000e+01 -2.283536708944489124e-03 7.990636783453275091e-03
4.800000000000000000e+01 3.000000000000000000e+01 3.100000000000000000e+01 -3.366259338585586569e-03 8.714925518564634044e-03
4.900000000000000000e+01 3.000000000000000000e+01 3.100000000000000000e+01 -4.379356468314721251e-03 9.386409140914578689e-03
