4.900000000000000000e+01 3.000000000000000000e+01 4.500000000000000000e+01 3.588258350800233032e-02 -7.151012014589407800e-03
4.900000000000000000e+01 3.100000000000000000e+01 4.500000000000000000e+01 3.864751859779252952e-02 -6.156885751392352814e-03
4.900000000000000000e+01 3.200000000000000000e+01 4.500000000000000000e+01 4.104611675817232408e-02 -5.401249097112648979e-03
4.900000000000000000e+01 3.300000000000000000e+01 4.500000000000000000e+01 4.310380151180637220e-02 -4.853115972260698893e-03
4.900000000000000000e+01 3.400000000000000000e+01 4.500000000000000000e+01 4.480402548917217231e-02 -4.484039715560065621e-03
4.900000000000000000e+01 3.500000000000000000e+01 4.500000000000000000e+01 4.613977585246109570e-02 -4.259502551542827115e-03
4.900000000000000000e+01 3.600000000000000000e+01 4.500000000000000000e+01 4.717942293196536463e-02 -4.145068370408450456e-03
4.900000000000000000e+01 3.700000000000000000e+01 4.500000000000000000e+01 4.799468274828327941e-02 -4.127799063817484855e-03
4.900000000000000000e+01 3.800000000000000000e+01 4.500000000000000000e+01 4.870367470194020276e-02 -4.193458842878122934e-03
4.900000000000000000e+01 3.900000000000000000e+01 4.500000000000000000e+01 5.029369206816330928e-02 -4.405105714099965229e-03
4.900000000000000000e+01 4.000000000000000000e+01 4.500000000000000000e+01 5.405871433321540742e-02 -4.863535052075693144e-03
4.900000000000000000e+01 4.100000000000000000e+01 4.500000000000000000e+01 5.956900745497856198e-02 -5.681775696354486246e-03
4.900000000000000000e+01 4.200000000000000000e+01 4.500000000000000000e+01 6.533042491384005723e-02 -6.956222769171370446e-03
4.900000000000000000e+01 4.300000000000000000e+01 4.500000000000000000e+01 7.025025170184523438e-02 -8.703678648600315232e-03
4.900000000000000000e+01 4.400000000000000000e+01 4.500000000000000000e+01 7.424969091910516017e-02 -1.076268127836435030e-02
4.900000000000000000e+01 4.500000000000000000e+01 4.500000000000000000e+01 7.737917720652554010e-02 -1.288248481650648009e-02
4.900000000000000000e+01 4.600000000000000000e+01 4.500000000000000000e+01 7.864834162264888739e-02 -1.412044589621068609e-02
4.900000000000000000e+01 4.700000000000000000e+01 4.500000000000000000e+01 7.934504542118248072e-02 -1.503316635599089186e-02
4.900000000000000000e+01 4.800000000000000000e+01 4.500000000000000000e+01 7.944644866979311271e-02 -1.594646427518982626e-02
4.900000000000000000e+01 4.900000000000000000e+01 4.500000000000000000e+01 7.921115341763940165e-02 -1.689683976556804329e-02
