3.100000000000000000e+01 4.900000000000000000e+01 5.000000000000000000e+01 -4.333991396027553344e-02 2.530862165933917662e+00
3.200000000000000000e+01 4.900000000000000000e+01 5.000000000000000000e+01 -3.177744231122475727e-02 2.177940201524043662e+00
3.300000000000000000e+01 4.900000000000000000e+01 5.000000000000000000e+01 -2.058940256892194398e-02 1.878238571639546439e+00
3.400000000000000000e+01 4.900000000000000000e+01 5.000000000000000000e+01 -9.752946276209484289e-03 1.623129240866513001e+00
3.500000000000000000e+01 4.900000000000000000e+01 5.000000000000000000e+01 7.996803425475151883e-04 1.399445775009205528e+00
3.600000000000000000e+01 4.900000000000000000e+01 5.000000000000000000e+01 1.091502159215856915e-02 1.211548613265323482e+00
3.700000000000000000e+01 4.900000000000000000e+01 5.000000000000000000e+01 2.060208700873178422e-02 1.048225773571323405e+00
3.800000000000000000e+01 4.900000000000000000e+01 5.000000000000000000e+01 2.980047357598042401e-02 9.071029948326847503e-01
3.900000000000000000e+01 4.900000000000000000e+01 5.000000000000000000e+01 3.846478726813573612e-02 7.823129407388699219e-01
4.000000000000000000e+01 4.900000000000000000e+01 5.000000000000000000e+01 4.637180697097809112e-02 6.749114798976221241e-01
4.100000000000000000e+01 4.900000000000000000e+01 5.000000000000000000e+01 5.343092312718089598e-02 5.804822351449807627e-01
4.200000000000000000e+01 4.900000000000000000e+01 5.000000000000000000e+01 5.929089756396871413e-02 4.971546088021141507e-01
4.300000000000000000e+01 4.900000000000000000e+01 5.000000000000000000e+01 6.445805391685588415e-02 4.238930310023001358e-01
4.400000000000000000e+01 4.900000000000000000e+01 5.000000000000000000e+01 6.937245379561468583e-02 3.592200486911486523e-01
4.500000000000000000e+01 4.900000000000000000e+01 5.000000000000000000e+01 7.370231316496778096e-02 3.016674450679194264e-01
4.600000000000000000e+01 4.900000000000000000e+01 5.000000000000000000e+01 7.750351246233289082e-02 2.512709957183406617e-01
4.700000000000000000e+01 4.900000000000000000e+01 5.000000000000000000e+01 8.048902915832101268e-02 2.067120481196876580e-01
4.800000000000000000e+01 4.900000000000000000e+01 5.000000000000000000e+01 8.254394276010079690e-02 1.679573613225149031e-01
4.900000000000000000e+01 4.900000000000000000e+01 5.000000000000000000e+01 8.366837487962286435e-02 -2.021718767457799174e-02
