3.500000000000000000e+01 3.000000000000000000e+01 0.000000000000000000e+00 -3.395091923049653460e-03 9.190815273181192693e-04
3.500000000000000000e+01 3.000000000000000000e+01 1.000000000000000000e+00 0.000000000000000000e+00 -3.553320081366196556e-16
3.500000000000000000e+01 3.000000000000000000e+01 2.000000000000000000e+00 3.325693527307216346e-03 -9.692736784209973191e-04
3.500000000000000000e+01 3.000000000000000000e+01 3.000000000000000000e+00 6.662003709660524464e-03 -1.969692165350159230e-03
3.500000000000000000e+01 3.000000000000000000e+01 4.000000000000000000e+00 1.004234966937639362e-02 -2.954933803426317528e-03
3.500000000000000000e+01 3.000000000000000000e+01 5.000000000000000000e+00 1.829384268177020045e-02 -3.583754500369815653e-03
3.500000000000000000e+01 3.100000000000000000e+01 0.000000000000000000e+00 1.523842443059530982e-03 4.158521432934811140e-04
3.500000000000000000e+01 3.100000000000000000e+01 1.000000000000000000e+00 4.959631054601232325e-03 -4.910766486079811387e-04
3.500000000000000000e+01 3.100000000000000000e+01 2.000000000000000000e+00 8.385693931257764966e-03 -1.430266922955714592e-03
3.500000000000000000e+01 3.100000000000000000e+01 3.000000000000000000e+00 1.186523928892285751e-02 -2.363906538968091765e-03
3.500000000000000000e+01 3.100000000000000000e+01 4.000000000000000000e+00 2.038042262174782904e-02 -2.929334457358198206e-03
3.500000000000000000e+01 3.200000000000000000e+01 0.000000000000000000e+00 6.234026684592719469e-03 -1.777101618639678174e-04
3.500000000000000000e+01 3.200000000000000000e+01 1.000000000000000000e+00 9.767093195693132834e-03 -1.066362735542172912e-03
3.500000000000000000e+01 3.200000000000000000e+01 2.000000000000000000e+00 1.332864858835203226e-02 -1.952655670957612576e-03
3.500000000000000000e+01 3.200000000000000000e+01 3.000000000000000000e+00 2.208037479762020583e-02 -2.467537992966600986e-03
3.500000000000000000e+01 3.300000000000000000e+01 0.000000000000000000e+00 1.082369805639865623e-02 -8.431418604264389162e-04
3.500000000000000000e+01 3.300000000000000000e+01 1.000000000000000000e+00 1.439353434192314207e-02 -1.686761748789364227e-03
3.500000000000000000e+01 3.300000000000000000e+01 2.000000000000000000e+00 2.346434733264524120e-02 -2.152977891688682456e-03
3.500000000000000000e+01 3.400000000000000000e+01 0.000000000000000000e+00 1.514696286527189573e-02 -1.542386387738434866e-03
3.500000000000000000e+01 3.400000000000000000e+01 1.000000000000000000e+00 2.442190117264575466e-02 -1.969279743162492911e-03
3.500000000000000000e+01 3.500000000000000000e+01 0.000000000000000000e+00 2.520819526696621571e-02 -1.878776970792858398e-03
3.600000000000000000e+01 3.100000000000000000e+01 0.000000000000000000e+00 1.661769724761508193e-03 8.263418234127007300e-04
3.600000000000000000e+01 3.100000000000000000e+01 1.000000000000000000e+00 5.221375233111724690e-03 -1.199056034267544308e-04
3.600000000000000000e+01 3.100000000000000000e+01 2.000000000000000000e+00 8.910815779732572661e-03 -1.107181185549502246e-03
3.600000000000000000e+01 3.100000000000000000e+01 3.000000000000000000e+00 1.233658587717867405e-02 -2.098975523864318998e-03
3.600000000000000000e+01 3.100000000000000000e+01 4.000000000000000000e+00 1.586556465228722290e-02 -3.071972448693388938e-03
3.600000000000000000e+01 3.100000000000000000e+01 5.000000000000000000e+00 2.352002864945529348e-02 -3.787455350993883599e-03
3.600000000000000000e+01 3.200000000000000000e+01 0.000000000000000000e+00 6.550835423869527663e-03 1.973434978581673686e-04
3.600000000000000000e+01 3.200000000000000000e+01 1.000000000000000000e+00 1.032401794537302075e-02 -7.431056088542177833e-04
3.600000000000000000e+01 3.200000000000000000e+01 2.000000000000000000e+00 1.385149423106801780e-02 -1.687123501776340321e-03
3.600000000000000000e+01 3.200000000000000000e+01 3.000000000000000000e+00 1.747962611554321199e-02 -2.618924630474638547e-03
3.600000000000000000e+01 3.200000000000000000e+01 4.000000000000000000e+00 2.536130924797880271e-02 -3.293532985930529983e-03
3.600000000000000000e+01 3.300000000000000000e+01 0.000000000000000000e+00 1.139209620143399881e-02 -5.208362174348662261e-04
3.600000000000000000e+01 3.300000000000000000e+01 1.000000000000000000e+00 1.502016722339044597e-02 -1.420447382080951542e-03
3.600000000000000000e+01 3.300000000000000000e+01 2.000000000000000000e+00 1.870134700059861155e-02 -2.310915240436813445e-03
3.600000000000000000e+01 3.300000000000000000e+01 3.000000000000000000e+00 2.683238930772846587e-02 -2.950080923191824959e-03
3.600000000000000000e+01 3.400000000000000000e+01 0.000000000000000000e+00 1.576452893576113512e-02 -1.273946446651060514e-03
3.600000000000000000e+01 3.400000000000000000e+01 1.000000000000000000e+00 1.948395391807433707e-02 -2.139908342118945414e-03
3.600000000000000000e+01 3.400000000000000000e+01 2.000000000000000000e+00 2.792683563064124463e-02 -2.744769367489756709e-03
3.600000000000000000e+01 3.500000000000000000e+01 0.000000000000000000e+00 2.009443829710705343e-02 -2.050858237735909539e-03
3.600000000000000000e+01 3.500000000000000000e+01 1.000000000000000000e+00 2.868352204237667458e-02 -2.632076101524068353e-03
3.600000000000000000e+01 3.600000000000000000e+01 0.000000000000000000e+00 2.973320058044370828e-02 -2.604329812956945964e-03
3.700000000000000000e+01 3.200000000000000000e+01 0.000000000000000000e+00 6.862018446086748380e-03 6.328298573258959395e-04
3.700000000000000000e+01 3.200000000000000000e+01 1.000000000000000000e+00 1.074647156512248403e-02 -3.554277580576499203e-04
3.700000000000000000e+01 3.200000000000000000e+01 2.000000000000000000e+00 1.438929598549559818e-02 -1.344526514587540515e-03
3.700000000000000000e+01 3.200000000000000000e+01 3.000000000000000000e+00 1.786425910605771161e-02 -2.338936965066224210e-03
3.700000000000000000e+01 3.200000000000000000e+01 4.000000000000000000e+00 2.139158892396680889e-02 -3.302265589383463016e-03
3.700000000000000000e+01 3.200000000000000000e+01 5.000000000000000000e+00 2.801374260058037136e-02 -4.098144394757369767e-03
3.700000000000000000e+01 3.300000000000000000e+01 0.000000000000000000e+00 1.179565848598079780e-02 -1.308959971488916549e-04
3.700000000000000000e+01 3.300000000000000000e+01 1.000000000000000000e+00 1.554519573819074241e-02 -1.081534264306458978e-03
3.700000000000000000e+01 3.300000000000000000e+01 2.000000000000000000e+00 1.908559076209476180e-02 -2.036928222969507790e-03
3.700000000000000000e+01 3.300000000000000000e+01 3.000000000000000000e+00 2.271602638554853781e-02 -2.967808477695084175e-03
3.700000000000000000e+01 3.300000000000000000e+01 4.000000000000000000e+00 2.954409891011094969e-02 -3.737482692026724423e-03
3.700000000000000000e+01 3.400000000000000000e+01 0.000000000000000000e+00 1.638728986382581576e-02 -9.356368715791534658e-04
3.700000000000000000e+01 3.400000000000000000e+01 1.000000000000000000e+00 1.996425708269439214e-02 -1.859062642696388814e-03
3.700000000000000000e+01 3.400000000000000000e+01 2.000000000000000000e+00 2.370327928486926083e-02 -2.768383635136190297e-03
3.700000000000000000e+01 3.400000000000000000e+01 3.000000000000000000e+00 3.067561187917811072e-02 -3.507321938050554644e-03
3.700000000000000000e+01 3.500000000000000000e+01 0.000000000000000000e+00 2.062360803429658107e-02 -1.772680374745188225e-03
3.700000000000000000e+01 3.500000000000000000e+01 1.000000000000000000e+00 2.439240967303601959e-02 -2.652359105704302916e-03
3.700000000000000000e+01 3.500000000000000000e+01 2.000000000000000000e+00 3.150939137478647734e-02 -3.378447817662689860e-03
3.700000000000000000e+01 3.600000000000000000e+01 0.000000000000000000e+00 2.494239230253580963e-02 -2.638810706239258595e-03
3.700000000000000000e+01 3.600000000000000000e+01 1.000000000000000000e+00 3.217967839618662840e-02 -3.339471768743078849e-03
3.700000000000000000e+01 3.700000000000000000e+01 0.000000000000000000e+00 3.401478887516312666e-02 -3.395907295240713046e-03
3.800000000000000000e+01 3.300000000000000000e+01 0.000000000000000000e+00 1.195700173525104937e-02 3.139036762596671137e-04
3.800000000000000000e+01 3.300000000000000000e+01 1.000000000000000000e+00 1.586378672129190592e-02 -6.854231310309797948e-04
3.800000000000000000e+01 3.300000000000000000e+01 2.000000000000000000e+00 1.944223561014407631e-02 -1.692014132959248794e-03
3.800000000000000000e+01 3.300000000000000000e+01 3.000000000000000000e+00 2.293301333797115316e-02 -2.686608750198251662e-03
3.800000000000000000e+01 3.300000000000000000e+01 4.000000000000000000e+00 2.637461004208352389e-02 -3.630933199884743556e-03
3.800000000000000000e+01 3.300000000000000000e+01 5.000000000000000000e+00 3.128146674400478222e-02 -4.464671197825497220e-03
3.800000000000000000e+01 3.400000000000000000e+01 0.000000000000000000e+00 1.675052296499435212e-02 -5.391571140937459136e-04
3.800000000000000000e+01 3.400000000000000000e+01 1.000000000000000000e+00 2.039736633825406376e-02 -1.515941298232861834e-03
3.800000000000000000e+01 3.400000000000000000e+01 2.000000000000000000e+00 2.397746398614092334e-02 -2.485513168450333935e-03
3.800000000000000000e+01 3.400000000000000000e+01 3.000000000000000000e+00 2.744244472745394070e-02 -3.409782725577472761e-03
3.800000000000000000e+01 3.400000000000000000e+01 4.000000000000000000e+00 3.246853426521645325e-02 -4.220681353616584364e-03
3.800000000000000000e+01 3.500000000000000000e+01 0.000000000000000000e+00 2.103509776592848990e-02 -1.433223756371659278e-03
3.800000000000000000e+01 3.500000000000000000e+01 1.000000000000000000e+00 2.460024134185750944e-02 -2.378940988570232146e-03
3.800000000000000000e+01 3.500000000000000000e+01 2.000000000000000000e+00 2.814938510460524013e-02 -3.287207845306697358e-03
3.800000000000000000e+01 3.500000000000000000e+01 3.000000000000000000e+00 3.331478224097389473e-02 -4.081501053823115635e-03
3.800000000000000000e+01 3.600000000000000000e+01 0.000000000000000000e+00 2.516385044370111901e-02 -2.357357179654498772e-03
3.800000000000000000e+01 3.600000000000000000e+01 1.000000000000000000e+00 2.870572912798813325e-02 -3.248009358594616293e-03
3.800000000000000000e+01 3.600000000000000000e+01 2.000000000000000000e+00 3.393478237071007042e-02 -4.026210467735794225e-03
3.800000000000000000e+01 3.700000000000000000e+01 0.000000000000000000e+00 2.969473586198917436e-02 -3.302796474736648200e-03
3.800000000000000000e+01 3.700000000000000000e+01 1.000000000000000000e+00 3.475914685976499996e-02 -4.062823163001879484e-03
3.800000000000000000e+01 3.800000000000000000e+01 0.000000000000000000e+00 3.869042675600331549e-02 -4.252312227318982493e-03
3.900000000000000000e+01 3.400000000000000000e+01 0.000000000000000000e+00 1.680854326764302797e-02 -6.695116865665415686e-05
3.900000000000000000e+01 3.400000000000000000e+01 1.000000000000000000e+00 2.054202956873529828e-02 -1.090489966500018514e-03
3.900000000000000000e+01 3.400000000000000000e+01 2.000000000000000000e+00 2.400079220244416556e-02 -2.117711081424152562e-03
3.900000000000000000e+01 3.400000000000000000e+01 3.000000000000000000e+00 2.743756368825495118e-02 -3.103312483535759607e-03
3.900000000000000000e+01 3.400000000000000000e+01 4.000000000000000000e+00 3.039100331058253168e-02 -4.006424916480651535e-03
3.900000000000000000e+01 3.400000000000000000e+01 5.000000000000000000e+00 3.362768829316420405e-02 -4.815085022265698164e-03
3.900000000000000000e+01 3.500000000000000000e+01 0.000000000000000000e+00 2.126630576099497461e-02 -1.009079176577730268e-03
3.900000000000000000e+01 3.500000000000000000e+01 1.000000000000000000e+00 2.476247984498952670e-02 -2.013363119617711788e-03
3.900000000000000000e+01 3.500000000000000000e+01 2.000000000000000000e+00 2.815767347346986860e-02 -2.979168806872761668e-03
3.900000000000000000e+01 3.500000000000000000e+01 3.000000000000000000e+00 3.122729809960200775e-02 -3.872183341059767196e-03
3.900000000000000000e+01 3.500000000000000000e+01 4.000000000000000000e+00 3.453030654224875651e-02 -4.663928682624735728e-03
3.900000000000000000e+01 3.600000000000000000e+01 0.000000000000000000e+00 2.543959375047361027e-02 -1.997676011605647312e-03
3.900000000000000000e+01 3.600000000000000000e+01 1.000000000000000000e+00 2.874363850023126110e-02 -2.946155048330826535e-03
3.900000000000000000e+01 3.600000000000000000e+01 2.000000000000000000e+00 3.176538990174243571e-02 -3.825362371873853445e-03
3.900000000000000000e+01 3.600000000000000000e+01 3.000000000000000000e+00 3.512252746132965564e-02 -4.601273350118082438e-03
3.900000000000000000e+01 3.700000000000000000e+01 0.000000000000000000e+00 2.966761254089489430e-02 -3.004772098160004169e-03
3.900000000000000000e+01 3.700000000000000000e+01 1.000000000000000000e+00 3.244342166031188857e-02 -3.864161272640290624e-03
3.900000000000000000e+01 3.700000000000000000e+01 2.000000000000000000e+00 3.572207615168249140e-02 -4.619477059266638777e-03
3.900000000000000000e+01 3.800000000000000000e+01 0.000000000000000000e+00 3.489839667469907258e-02 -4.057505843860370782e-03
3.900000000000000000e+01 3.800000000000000000e+01 1.000000000000000000e+00 3.765702791593900089e-02 -4.774295560219301085e-03
3.900000000000000000e+01 3.900000000000000000e+01 0.000000000000000000e+00 4.410295689543153319e-02 -5.198792222788168813e-03
4.000000000000000000e+01 3.500000000000000000e+01 0.000000000000000000e+00 2.240268817931034828e-02 -5.041426370756853497e-04
4.000000000000000000e+01 3.500000000000000000e+01 1.000000000000000000e+00 2.594915658781654644e-02 -1.554700983498938328e-03
4.000000000000000000e+01 3.500000000000000000e+01 2.000000000000000000e+00 2.918800984982578006e-02 -2.576039401583700775e-03
4.000000000000000000e+01 3.500000000000000000e+01 3.000000000000000000e+00 3.215738436318921201e-02 -3.528264367020915969e-03
4.000000000000000000e+01 3.500000000000000000e+01 4.000000000000000000e+00 3.461111691535656565e-02 -4.375874204417966144e-03
4.000000000000000000e+01 3.500000000000000000e+01 5.000000000000000000e+00 3.686953645564194915e-02 -5.111707231781641679e-03
4.000000000000000000e+01 3.600000000000000000e+01 0.000000000000000000e+00 2.668217504205955271e-02 -1.543143210751573386e-03
4.000000000000000000e+01 3.600000000000000000e+01 1.000000000000000000e+00 2.979065932509666892e-02 -2.543605634231347994e-03
4.000000000000000000e+01 3.600000000000000000e+01 2.000000000000000000e+00 3.277118477929241713e-02 -3.479451897007702649e-03
4.000000000000000000e+01 3.600000000000000000e+01 3.000000000000000000e+00 3.523980544960558792e-02 -4.317357958427092864e-03
4.000000000000000000e+01 3.600000000000000000e+01 4.000000000000000000e+00 3.754133818447152882e-02 -5.040607670320165594e-03
4.000000000000000000e+01 3.700000000000000000e+01 0.000000000000000000e+00 3.093040089123283432e-02 -2.610589471819573393e-03
4.000000000000000000e+01 3.700000000000000000e+01 1.000000000000000000e+00 3.351701322973166253e-02 -3.517820498825079828e-03
4.000000000000000000e+01 3.700000000000000000e+01 2.000000000000000000e+00 3.586428673885444507e-02 -4.342943757508645371e-03
4.000000000000000000e+01 3.700000000000000000e+01 3.000000000000000000e+00 3.814914458773005501e-02 -5.048651457559434272e-03
4.000000000000000000e+01 3.800000000000000000e+01 0.000000000000000000e+00 3.572933914497478103e-02 -3.713751780679844499e-03
4.000000000000000000e+01 3.800000000000000000e+01 1.000000000000000000e+00 3.752258525602941708e-02 -4.500632754201744530e-03
4.000000000000000000e+01 3.800000000000000000e+01 2.000000000000000000e+00 3.952403356721145844e-02 -5.173744469931670920e-03
4.000000000000000000e+01 3.900000000000000000e+01 0.000000000000000000e+00 4.195331256229001271e-02 -4.920742014518660230e-03
4.000000000000000000e+01 3.900000000000000000e+01 1.000000000000000000e+00 4.336197153188825482e-02 -5.531879018034445428e-03
4.000000000000000000e+01 4.000000000000000000e+01 0.000000000000000000e+00 5.014617540973137499e-02 -6.266963798986662816e-03
4.100000000000000000e+01 3.600000000000000000e+01 0.000000000000000000e+00 2.786673695446062471e-02 -1.031571336875949235e-03
4.100000000000000000e+01 3.600000000000000000e+01 1.000000000000000000e+00 3.091588874724143787e-02 -2.079519227566087227e-03
4.100000000000000000e+01 3.600000000000000000e+01 2.000000000000000000e+00 3.366797373836305507e-02 -3.061948753998156979e-03
4.100000000000000000e+01 3.600000000000000000e+01 3.000000000000000000e+00 3.612571981084000683e-02 -3.961136281105617600e-03
4.100000000000000000e+01 3.600000000000000000e+01 4.000000000000000000e+00 3.816108909003446126e-02 -4.721680927131267393e-03
4.100000000000000000e+01 3.600000000000000000e+01 5.000000000000000000e+00 4.011890179681237845e-02 -5.389743554683892358e-03
4.100000000000000000e+01 3.700000000000000000e+01 0.000000000000000000e+00 3.209530654284098450e-02 -2.152314267381525564e-03
4.100000000000000000e+01 3.700000000000000000e+01 1.000000000000000000e+00 3.449636480021173179e-02 -3.106576440491050969e-03
4.100000000000000000e+01 3.700000000000000000e+01 2.000000000000000000e+00 3.681104377679622619e-02 -3.986074616215098954e-03
4.100000000000000000e+01 3.700000000000000000e+01 3.000000000000000000e+00 3.877925220141520413e-02 -4.736187379937509614e-03
4.100000000000000000e+01 3.700000000000000000e+01 4.000000000000000000e+00 4.071805278432938380e-02 -5.390619517757560056e-03
4.100000000000000000e+01 3.800000000000000000e+01 0.000000000000000000e+00 3.674408532796302751e-02 -3.304137095613370479e-03
4.100000000000000000e+01 3.800000000000000000e+01 1.000000000000000000e+00 3.847614029107382372e-02 -4.137866154939108879e-03
4.100000000000000000e+01 3.800000000000000000e+01 2.000000000000000000e+00 4.011360089107385285e-02 -4.866418730621459125e-03
4.100000000000000000e+01 3.800000000000000000e+01 3.000000000000000000e+00 4.185078152503673987e-02 -5.495088427873033414e-03
4.100000000000000000e+01 3.900000000000000000e+01 0.000000000000000000e+00 4.246730237670998109e-02 -4.558728595235706817e-03
4.100000000000000000e+01 3.900000000000000000e+01 1.000000000000000000e+00 4.358747722544631387e-02 -5.224068924490636069e-03
4.100000000000000000e+01 3.900000000000000000e+01 2.000000000000000000e+00 4.498209392259772121e-02 -5.798237898983567631e-03
4.100000000000000000e+01 4.000000000000000000e+01 0.000000000000000000e+00 4.936478616751638349e-02 -5.937517295883170190e-03
4.100000000000000000e+01 4.000000000000000000e+01 1.000000000000000000e+00 5.039265004142434723e-02 -6.443896730045675994e-03
4.100000000000000000e+01 4.100000000000000000e+01 0.000000000000000000e+00 5.675887844655302938e-02 -7.527278348624663953e-03
4.200000000000000000e+01 3.700000000000000000e+01 0.000000000000000000e+00 3.302169815627137295e-02 -1.637839449766433824e-03
4.200000000000000000e+01 3.700000000000000000e+01 1.000000000000000000e+00 3.527881372137775529e-02 -2.632764724347691314e-03
4.200000000000000000e+01 3.700000000000000000e+01 2.000000000000000000e+00 3.744472376503799049e-02 -3.553812895475696142e-03
4.200000000000000000e+01 3.700000000000000000e+01 3.000000000000000000e+00 3.936945769685185059e-02 -4.358932217009951066e-03
4.200000000000000000e+01 3.700000000000000000e+01 4.000000000000000000e+00 4.119500901478861943e-02 -5.048885309786617717e-03
4.200000000000000000e+01 3.700000000000000000e+01 5.000000000000000000e+00 4.292862020299786918e-02 -5.645626337869881321e-03
4.200000000000000000e+01 3.800000000000000000e+01 0.000000000000000000e+00 3.757095696956896935e-02 -2.837435882649183040e-03
4.200000000000000000e+01 3.800000000000000000e+01 1.000000000000000000e+00 3.913743927288260149e-02 -3.712032249871572310e-03
4.200000000000000000e+01 3.800000000000000000e+01 2.000000000000000000e+00 4.074353562109878091e-02 -4.484428893852472446e-03
4.200000000000000000e+01 3.800000000000000000e+01 3.000000000000000000e+00 4.229488731925751255e-02 -5.158906994035516655e-03
4.200000000000000000e+01 3.800000000000000000e+01 4.000000000000000000e+00 4.387895812919523353e-02 -5.733565101235732833e-03
4.200000000000000000e+01 3.900000000000000000e+01 0.000000000000000000e+00 4.296101726537066012e-02 -4.135437934586799931e-03
4.200000000000000000e+01 3.900000000000000000e+01 1.000000000000000000e+00 4.411385549103047365e-02 -4.842276536339186997e-03
4.200000000000000000e+01 3.900000000000000000e+01 2.000000000000000000e+00 4.523861695509573400e-02 -5.473610692369968930e-03
4.200000000000000000e+01 3.900000000000000000e+01 3.000000000000000000e+00 4.653175420502725368e-02 -6.002933589215780560e-03
4.200000000000000000e+01 4.000000000000000000e+01 0.000000000000000000e+00 4.953930190136007772e-02 -5.541879727544544131e-03
4.200000000000000000e+01 4.000000000000000000e+01 1.000000000000000000e+00 5.040183271328346759e-02 -6.106339607655787358e-03
4.200000000000000000e+01 4.000000000000000000e+01 2.000000000000000000e+00 5.141583375245234455e-02 -6.575609600507353533e-03
4.200000000000000000e+01 4.100000000000000000e+01 0.000000000000000000e+00 5.665918300581962441e-02 -7.164655353598832314e-03
4.200000000000000000e+01 4.100000000000000000e+01 1.000000000000000000e+00 5.752214275804240495e-02 -7.581677565782794954e-03
4.200000000000000000e+01 4.200000000000000000e+01 0.000000000000000000e+00 6.322891741785036102e-02 -9.038798210737573890e-03
4.300000000000000000e+01 3.800000000000000000e+01 0.000000000000000000e+00 3.821693424018229868e-02 -2.324914384385072790e-03
4.300000000000000000e+01 3.800000000000000000e+01 1.000000000000000000e+00 3.966292157676887253e-02 -3.238333155166562682e-03
4.300000000000000000e+01 3.800000000000000000e+01 2.000000000000000000e+00 4.117000507622858851e-02 -4.041665940694340840e-03
4.300000000000000000e+01 3.800000000000000000e+01 3.000000000000000000e+00 4.262767661990235490e-02 -4.770774364062776648e-03
4.300000000000000000e+01 3.800000000000000000e+01 4.000000000000000000e+00 4.417717499290241268e-02 -5.377472508552623952e-03
4.300000000000000000e+01 3.800000000000000000e+01 5.000000000000000000e+00 4.566802365151650944e-02 -5.898104479793993965e-03
4.300000000000000000e+01 3.900000000000000000e+01 0.000000000000000000e+00 4.345226125313789156e-02 -3.665358712037905704e-03
4.300000000000000000e+01 3.900000000000000000e+01 1.000000000000000000e+00 4.448162397334076701e-02 -4.403836375569125661e-03
4.300000000000000000e+01 3.900000000000000000e+01 2.000000000000000000e+00 4.557434880248512066e-02 -5.077916871005293091e-03
