3.500000000000000000e+01 3.000000000000000000e+01 0.000000000000000000e+00 -3.394828459878596050e-03 9.189881210607147612e-04
3.500000000000000000e+01 3.000000000000000000e+01 1.000000000000000000e+00 0.000000000000000000e+00 1.606865742774018324e-15
3.500000000000000000e+01 3.000000000000000000e+01 2.000000000000000000e+00 3.321194042930242230e-03 -9.691080234394593498e-04
3.500000000000000000e+01 3.000000000000000000e+01 3.000000000000000000e+00 6.651860488487093548e-03 -1.969315364253055364e-03
3.500000000000000000e+01 3.000000000000000000e+01 4.000000000000000000e+00 1.002636028527520429e-02 -2.954343779123663923e-03
3.500000000000000000e+01 3.000000000000000000e+01 5.000000000000000000e+00 1.827400301641957103e-02 -3.583015272072002239e-03
3.500000000000000000e+01 3.100000000000000000e+01 0.000000000000000000e+00 1.517846923782595336e-03 4.160372931023314830e-04
3.500000000000000000e+01 3.100000000000000000e+01 1.000000000000000000e+00 4.949431463405318254e-03 -4.907734902600907828e-04
3.500000000000000000e+01 3.100000000000000000e+01 2.000000000000000000e+00 8.370097466377901529e-03 -1.429707156838771250e-03
3.500000000000000000e+01 3.100000000000000000e+01 3.000000000000000000e+00 1.184555457816455215e-02 -2.363177686079345405e-03
3.500000000000000000e+01 3.100000000000000000e+01 4.000000000000000000e+00 2.035644875572717449e-02 -2.928418755757501192e-03
3.500000000000000000e+01 3.200000000000000000e+01 0.000000000000000000e+00 6.218536172024169417e-03 -1.772782496805037358e-04
3.500000000000000000e+01 3.200000000000000000e+01 1.000000000000000000e+00 9.745908232752398259e-03 -1.065667550552068087e-03
3.500000000000000000e+01 3.200000000000000000e+01 2.000000000000000000e+00 1.330373718306787634e-02 -1.951792383794421094e-03
3.500000000000000000e+01 3.200000000000000000e+01 3.000000000000000000e+00 2.205037936354575789e-02 -2.466483283903740577e-03
3.500000000000000000e+01 3.300000000000000000e+01 0.000000000000000000e+00 1.080071661331682975e-02 -8.423889914536133398e-04
3.500000000000000000e+01 3.300000000000000000e+01 1.000000000000000000e+00 1.436535962664936550e-02 -1.685842934982600787e-03
3.500000000000000000e+01 3.300000000000000000e+01 2.000000000000000000e+00 2.342936112107268931e-02 -2.151795240841493199e-03
3.500000000000000000e+01 3.400000000000000000e+01 0.000000000000000000e+00 1.511687964693186892e-02 -1.541354497945158402e-03
3.500000000000000000e+01 3.400000000000000000e+01 1.000000000000000000e+00 2.438650857577329134e-02 -1.968084030645641559e-03
3.500000000000000000e+01 3.500000000000000000e+01 0.000000000000000000e+00 2.516676146262064595e-02 -1.877444090404653630e-03
3.600000000000000000e+01 3.100000000000000000e+01 0.000000000000000000e+00 1.655748379136512405e-03 8.268862940947799799e-04
3.600000000000000000e+01 3.100000000000000000e+01 1.000000000000000000e+00 5.212952699585493566e-03 -1.193328527173822889e-04
3.600000000000000000e+01 3.100000000000000000e+01 2.000000000000000000e+00 8.897578302757225277e-03 -1.106477830060116803e-03
3.600000000000000000e+01 3.100000000000000000e+01 3.000000000000000000e+00 1.231901179887534559e-02 -2.098169639272412339e-03
3.600000000000000000e+01 3.100000000000000000e+01 4.000000000000000000e+00 1.584321060145904569e-02 -3.070980915818079422e-03
3.600000000000000000e+01 3.100000000000000000e+01 5.000000000000000000e+00 2.348492521598100069e-02 -3.786049134759439817e-03
3.600000000000000000e+01 3.200000000000000000e+01 0.000000000000000000e+00 6.536694403914133922e-03 1.980790864859918016e-04
3.600000000000000000e+01 3.200000000000000000e+01 1.000000000000000000e+00 1.030507660486973398e-02 -7.422062895471293574e-04
3.600000000000000000e+01 3.200000000000000000e+01 2.000000000000000000e+00 1.382924645087768578e-02 -1.686145007216885081e-03
3.600000000000000000e+01 3.200000000000000000e+01 3.000000000000000000e+00 1.745451251284813043e-02 -2.617682500144654072e-03
3.600000000000000000e+01 3.200000000000000000e+01 4.000000000000000000e+00 2.532143936737130119e-02 -3.291910705121366566e-03
3.600000000000000000e+01 3.300000000000000000e+01 0.000000000000000000e+00 1.136739017472560009e-02 -5.197272275170263705e-04
3.600000000000000000e+01 3.300000000000000000e+01 1.000000000000000000e+00 1.499243310658870953e-02 -1.419215145169224444e-03
3.600000000000000000e+01 3.300000000000000000e+01 2.000000000000000000e+00 1.867103119734009331e-02 -2.309513905713705441e-03
3.600000000000000000e+01 3.300000000000000000e+01 3.000000000000000000e+00 2.678792519950468076e-02 -2.948230524401556935e-03
3.600000000000000000e+01 3.400000000000000000e+01 0.000000000000000000e+00 1.573324592901037544e-02 -1.272668434834529731e-03
3.600000000000000000e+01 3.400000000000000000e+01 1.000000000000000000e+00 1.944931159944979226e-02 -2.138463516497947879e-03
3.600000000000000000e+01 3.400000000000000000e+01 2.000000000000000000e+00 2.787992050394189070e-02 -2.742863293438922798e-03
3.600000000000000000e+01 3.500000000000000000e+01 0.000000000000000000e+00 2.005863974621591161e-02 -2.049352861802415833e-03
3.600000000000000000e+01 3.500000000000000000e+01 1.000000000000000000e+00 2.863412994487146701e-02 -2.630048977751940024e-03
3.600000000000000000e+01 3.600000000000000000e+01 0.000000000000000000e+00 2.968120241406918547e-02 -2.602342263019869015e-03
3.700000000000000000e+01 3.200000000000000000e+01 0.000000000000000000e+00 7.010991178110770328e-03 6.278875754142227133e-04
3.700000000000000000e+01 3.200000000000000000e+01 1.000000000000000000e+00 1.089562301005053691e-02 -3.603561433499960888e-04
3.700000000000000000e+01 3.200000000000000000e+01 2.000000000000000000e+00 1.453859884002678404e-02 -1.349443465876830036e-03
3.700000000000000000e+01 3.200000000000000000e+01 3.000000000000000000e+00 1.801307441614291571e-02 -2.343831875746118631e-03
3.700000000000000000e+01 3.200000000000000000e+01 4.000000000000000000e+00 2.154055474915966828e-02 -3.307143757028237641e-03
3.700000000000000000e+01 3.200000000000000000e+01 5.000000000000000000e+00 2.816271945159959378e-02 -4.103009468196227791e-03
3.700000000000000000e+01 3.300000000000000000e+01 0.000000000000000000e+00 1.194446635827134395e-02 -1.358246905029227632e-04
3.700000000000000000e+01 3.300000000000000000e+01 1.000000000000000000e+00 1.569401050333291137e-02 -1.086448596223378886e-03
3.700000000000000000e+01 3.300000000000000000e+01 2.000000000000000000e+00 1.923457712653653395e-02 -2.041828001248724520e-03
3.700000000000000000e+01 3.300000000000000000e+01 3.000000000000000000e+00 2.286532752500913812e-02 -2.972697099115161230e-03
3.700000000000000000e+01 3.300000000000000000e+01 4.000000000000000000e+00 2.969340945955306621e-02 -3.742358712372039712e-03
3.700000000000000000e+01 3.400000000000000000e+01 0.000000000000000000e+00 1.653572361556976400e-02 -9.405198165447444837e-04
3.700000000000000000e+01 3.400000000000000000e+01 1.000000000000000000e+00 2.011262692456794454e-02 -1.863881068586212188e-03
3.700000000000000000e+01 3.400000000000000000e+01 2.000000000000000000e+00 2.385181342129460980e-02 -2.773189630009007325e-03
3.700000000000000000e+01 3.400000000000000000e+01 3.000000000000000000e+00 3.082416033917334541e-02 -3.512157482071464904e-03
3.700000000000000000e+01 3.500000000000000000e+01 0.000000000000000000e+00 2.077241293838610892e-02 -1.777581924144660402e-03
3.700000000000000000e+01 3.500000000000000000e+01 1.000000000000000000e+00 2.454136243925209016e-02 -2.657244505739029226e-03
3.700000000000000000e+01 3.500000000000000000e+01 2.000000000000000000e+00 3.165836010490763464e-02 -3.383321312367184534e-03
3.700000000000000000e+01 3.600000000000000000e+01 0.000000000000000000e+00 2.509133968258980829e-02 -2.643696816336260375e-03
3.700000000000000000e+01 3.600000000000000000e+01 1.000000000000000000e+00 3.232913941634196764e-02 -3.344353303355056348e-03
3.700000000000000000e+01 3.700000000000000000e+01 0.000000000000000000e+00 3.416445839149817587e-02 -3.400794447452738008e-03
3.800000000000000000e+01 3.300000000000000000e+01 0.000000000000000000e+00 1.210130052428981529e-02 3.091296766182061802e-04
3.800000000000000000e+01 3.300000000000000000e+01 1.000000000000000000e+00 1.600888969746383506e-02 -6.901853469896974524e-04
3.800000000000000000e+01 3.300000000000000000e+01 2.000000000000000000e+00 1.958687036813272497e-02 -1.696688870604102931e-03
3.800000000000000000e+01 3.300000000000000000e+01 3.000000000000000000e+00 2.307697924822460500e-02 -2.691231017129473279e-03
3.800000000000000000e+01 3.300000000000000000e+01 4.000000000000000000e+00 2.651748373241724632e-02 -3.635555729547640131e-03
3.800000000000000000e+01 3.300000000000000000e+01 5.000000000000000000e+00 3.142452768659248497e-02 -4.469220331823432757e-03
3.800000000000000000e+01 3.400000000000000000e+01 0.000000000000000000e+00 1.689281511416751425e-02 -5.440526839436519860e-04
3.800000000000000000e+01 3.400000000000000000e+01 1.000000000000000000e+00 2.053930642169909948e-02 -1.520700703022699780e-03
3.800000000000000000e+01 3.400000000000000000e+01 2.000000000000000000e+00 2.411862025952071775e-02 -2.490202529103347027e-03
3.800000000000000000e+01 3.400000000000000000e+01 3.000000000000000000e+00 2.758335221535274107e-02 -3.414414775432548631e-03
3.800000000000000000e+01 3.400000000000000000e+01 4.000000000000000000e+00 3.260964160491069963e-02 -4.225356450999731908e-03
3.800000000000000000e+01 3.500000000000000000e+01 0.000000000000000000e+00 2.117916036668682223e-02 -1.437803725478909020e-03
3.800000000000000000e+01 3.500000000000000000e+01 1.000000000000000000e+00 2.474340405857716751e-02 -2.383475664278311094e-03
3.800000000000000000e+01 3.500000000000000000e+01 2.000000000000000000e+00 2.829204732894330387e-02 -3.291671138486891145e-03
3.800000000000000000e+01 3.500000000000000000e+01 3.000000000000000000e+00 3.345660294275870639e-02 -4.086025715677513853e-03
3.800000000000000000e+01 3.600000000000000000e+01 0.000000000000000000e+00 2.531273366169978223e-02 -2.362256820517315628e-03
3.800000000000000000e+01 3.600000000000000000e+01 1.000000000000000000e+00 2.885461518095655542e-02 -3.252894957373729870e-03
3.800000000000000000e+01 3.600000000000000000e+01 2.000000000000000000e+00 3.408405011918547167e-02 -4.031085241973981874e-03
3.800000000000000000e+01 3.700000000000000000e+01 0.000000000000000000e+00 2.984355756830697759e-02 -3.307674241934907469e-03
3.800000000000000000e+01 3.700000000000000000e+01 1.000000000000000000e+00 3.490842223464896144e-02 -4.067695479256028604e-03
3.800000000000000000e+01 3.800000000000000000e+01 0.000000000000000000e+00 3.883765611558520625e-02 -4.257059142993034617e-03
3.900000000000000000e+01 3.400000000000000000e+01 0.000000000000000000e+00 1.695227302255286617e-02 -7.157956175441268108e-05
3.900000000000000000e+01 3.400000000000000000e+01 1.000000000000000000e+00 2.069038985666837860e-02 -1.095358009575350114e-03
3.900000000000000000e+01 3.400000000000000000e+01 2.000000000000000000e+00 2.414963115355561740e-02 -2.122604330235366554e-03
3.900000000000000000e+01 3.400000000000000000e+01 3.000000000000000000e+00 2.758601522962716990e-02 -3.108159122490439762e-03
3.900000000000000000e+01 3.400000000000000000e+01 4.000000000000000000e+00 3.053961100485236280e-02 -4.011257334804328202e-03
3.900000000000000000e+01 3.400000000000000000e+01 5.000000000000000000e+00 3.377624450704119763e-02 -4.819902974588837624e-03
3.900000000000000000e+01 3.500000000000000000e+01 0.000000000000000000e+00 2.141533004010987007e-02 -1.013994466569659476e-03
3.900000000000000000e+01 3.500000000000000000e+01 1.000000000000000000e+00 2.491134495757935108e-02 -2.018261588512309558e-03
3.900000000000000000e+01 3.500000000000000000e+01 2.000000000000000000e+00 2.830653766997259790e-02 -2.984052504173159009e-03
3.900000000000000000e+01 3.500000000000000000e+01 3.000000000000000000e+00 3.137615506886676231e-02 -3.877052831195354921e-03
3.900000000000000000e+01 3.500000000000000000e+01 4.000000000000000000e+00 3.467912382811039196e-02 -4.668784119375024230e-03
3.900000000000000000e+01 3.600000000000000000e+01 0.000000000000000000e+00 2.558864028057972195e-02 -2.002583466032722883e-03
3.900000000000000000e+01 3.600000000000000000e+01 1.000000000000000000e+00 2.889252081149368268e-02 -2.951046351383311908e-03
3.900000000000000000e+01 3.600000000000000000e+01 2.000000000000000000e+00 3.191443178794145519e-02 -3.830241521104910379e-03
3.900000000000000000e+01 3.600000000000000000e+01 3.000000000000000000e+00 3.527152788051995946e-02 -4.606138085835488095e-03
3.900000000000000000e+01 3.700000000000000000e+01 0.000000000000000000e+00 2.981571816326000768e-02 -3.009591642199924144e-03
3.900000000000000000e+01 3.700000000000000000e+01 1.000000000000000000e+00 3.259128890271140166e-02 -3.868923257620103875e-03
3.900000000000000000e+01 3.700000000000000000e+01 2.000000000000000000e+00 3.586983998898607418e-02 -4.624298013502439395e-03
3.900000000000000000e+01 3.800000000000000000e+01 0.000000000000000000e+00 3.504790682439407057e-02 -4.062425407220515705e-03
3.900000000000000000e+01 3.800000000000000000e+01 1.000000000000000000e+00 3.780647587033064694e-02 -4.779157878590781748e-03
3.900000000000000000e+01 3.900000000000000000e+01 0.000000000000000000e+00 4.425187572820860060e-02 -5.203641963907934542e-03
4.000000000000000000e+01 3.500000000000000000e+01 0.000000000000000000e+00 2.255153659295400237e-02 -5.090653512514879166e-04
4.000000000000000000e+01 3.500000000000000000e+01 1.000000000000000000e+00 2.609802141228784178e-02 -1.559607693559214581e-03
4.000000000000000000e+01 3.500000000000000000e+01 2.000000000000000000e+00 2.933687827760617095e-02 -2.580929699102747516e-03
4.000000000000000000e+01 3.500000000000000000e+01 3.000000000000000000e+00 3.230625987686508438e-02 -3.533140168653713543e-03
4.000000000000000000e+01 3.500000000000000000e+01 4.000000000000000000e+00 3.475944959466786832e-02 -4.380766349241654173e-03
4.000000000000000000e+01 3.500000000000000000e+01 5.000000000000000000e+00 3.701850745536244824e-02 -5.116558034872206902e-03
4.000000000000000000e+01 3.600000000000000000e+01 0.000000000000000000e+00 2.683063205922170402e-02 -1.547992662191461158e-03
4.000000000000000000e+01 3.600000000000000000e+01 1.000000000000000000e+00 2.993951857358972957e-02 -2.548499763580761197e-03
4.000000000000000000e+01 3.600000000000000000e+01 2.000000000000000000e+00 3.291989386495730585e-02 -3.484329462732829470e-03
4.000000000000000000e+01 3.600000000000000000e+01 3.000000000000000000e+00 3.538859526103338426e-02 -4.322220033569689444e-03
4.000000000000000000e+01 3.600000000000000000e+01 4.000000000000000000e+00 3.769006980899242132e-02 -5.045456194628520144e-03
4.000000000000000000e+01 3.700000000000000000e+01 0.000000000000000000e+00 3.107990498095497545e-02 -2.615415914274693120e-03
4.000000000000000000e+01 3.700000000000000000e+01 1.000000000000000000e+00 3.366575564523577313e-02 -3.522660204746689595e-03
4.000000000000000000e+01 3.700000000000000000e+01 2.000000000000000000e+00 3.601304173572356104e-02 -4.347772072242063642e-03
4.000000000000000000e+01 3.700000000000000000e+01 3.000000000000000000e+00 3.829785134695123938e-02 -5.053466992775848890e-03
4.000000000000000000e+01 3.800000000000000000e+01 0.000000000000000000e+00 3.587837996652892825e-02 -3.718625169683555543e-03
4.000000000000000000e+01 3.800000000000000000e+01 1.000000000000000000e+00 3.767163197803674590e-02 -4.505493728976731581e-03
4.000000000000000000e+01 3.800000000000000000e+01 2.000000000000000000e+00 3.967303756352352773e-02 -5.178593046128288253e-03
4.000000000000000000e+01 3.900000000000000000e+01 0.000000000000000000e+00 4.210225638204190268e-02 -4.925594440854521444e-03
4.000000000000000000e+01 3.900000000000000000e+01 1.000000000000000000e+00 4.351086426097466875e-02 -5.536720393598656455e-03
4.000000000000000000e+01 4.000000000000000000e+01 0.000000000000000000e+00 5.029504954114338844e-02 -6.271788591574398337e-03
4.100000000000000000e+01 3.600000000000000000e+01 0.000000000000000000e+00 2.801668224266962159e-02 -1.036494694194253947e-03
4.100000000000000000e+01 3.600000000000000000e+01 1.000000000000000000e+00 3.106495926092178728e-02 -2.084416664851132441e-03
4.100000000000000000e+01 3.600000000000000000e+01 2.000000000000000000e+00 3.381712147739063257e-02 -3.066884399169759069e-03
4.100000000000000000e+01 3.600000000000000000e+01 3.000000000000000000e+00 3.627479446913522976e-02 -3.966003296207735486e-03
4.100000000000000000e+01 3.600000000000000000e+01 4.000000000000000000e+00 3.831016536205095191e-02 -4.726535966077300213e-03
4.100000000000000000e+01 3.600000000000000000e+01 5.000000000000000000e+00 4.026791932412637776e-02 -5.394586123009813966e-03
4.100000000000000000e+01 3.700000000000000000e+01 0.000000000000000000e+00 3.224388127741523169e-02 -2.157171234876819211e-03
4.100000000000000000e+01 3.700000000000000000e+01 1.000000000000000000e+00 3.464495642265280617e-02 -3.111419489565870299e-03
4.100000000000000000e+01 3.700000000000000000e+01 2.000000000000000000e+00 3.695978580033942862e-02 -3.990906826195812079e-03
4.100000000000000000e+01 3.700000000000000000e+01 3.000000000000000000e+00 3.892800552263392388e-02 -4.741007609981663477e-03
4.100000000000000000e+01 3.700000000000000000e+01 4.000000000000000000e+00 4.086694017566083748e-02 -5.395431036921462427e-03
4.100000000000000000e+01 3.800000000000000000e+01 0.000000000000000000e+00 3.689286714361983410e-02 -3.309014938443478188e-03
4.100000000000000000e+01 3.800000000000000000e+01 1.000000000000000000e+00 3.862546225326846105e-02 -4.142740940173823133e-03
4.100000000000000000e+01 3.800000000000000000e+01 2.000000000000000000e+00 4.026270575303553256e-02 -4.871274828907786250e-03
4.100000000000000000e+01 3.800000000000000000e+01 3.000000000000000000e+00 4.199982558322401527e-02 -5.499933562105625319e-03
4.100000000000000000e+01 3.900000000000000000e+01 0.000000000000000000e+00 4.261607674512524202e-02 -4.563586277564592522e-03
4.100000000000000000e+01 3.900000000000000000e+01 1.000000000000000000e+00 4.373624742396153842e-02 -5.228914923790404720e-03
4.100000000000000000e+01 3.900000000000000000e+01 2.000000000000000000e+00 4.513080901777599685e-02 -5.803073341861949078e-03
4.100000000000000000e+01 4.000000000000000000e+01 0.000000000000000000e+00 4.951356211625213000e-02 -5.942349702106016970e-03
4.100000000000000000e+01 4.000000000000000000e+01 1.000000000000000000e+00 5.054139112309130599e-02 -6.448719823807028996e-03
4.100000000000000000e+01 4.100000000000000000e+01 0.000000000000000000e+00 5.690758984214500105e-02 -7.532087088090684730e-03
4.200000000000000000e+01 3.700000000000000000e+01 0.000000000000000000e+00 3.317049911742531165e-02 -1.642744378270894227e-03
4.200000000000000000e+01 3.700000000000000000e+01 1.000000000000000000e+00 3.542761743119032802e-02 -2.637652847207752182e-03
4.200000000000000000e+01 3.700000000000000000e+01 2.000000000000000000e+00 3.759351038075864349e-02 -3.558686802485123198e-03
4.200000000000000000e+01 3.700000000000000000e+01 3.000000000000000000e+00 3.951825892657923056e-02 -4.363792793798131411e-03
4.200000000000000000e+01 3.700000000000000000e+01 4.000000000000000000e+00 4.134381859736291354e-02 -5.053735845136060265e-03
4.200000000000000000e+01 3.700000000000000000e+01 5.000000000000000000e+00 4.307742572960776561e-02 -5.650466824510305339e-03
4.200000000000000000e+01 3.800000000000000000e+01 0.000000000000000000e+00 3.771976672486182514e-02 -2.842322082247843509e-03
4.200000000000000000e+01 3.800000000000000000e+01 1.000000000000000000e+00 3.928625657048689934e-02 -3.716904083776505739e-03
4.200000000000000000e+01 3.800000000000000000e+01 2.000000000000000000e+00 4.089234437916228204e-02 -4.489288888980185604e-03
4.200000000000000000e+01 3.800000000000000000e+01 3.000000000000000000e+00 4.244370161537430741e-02 -5.163756056130309850e-03
4.200000000000000000e+01 3.800000000000000000e+01 4.000000000000000000e+00 4.402777697468052143e-02 -5.738404917972790564e-03
4.200000000000000000e+01 3.900000000000000000e+01 0.000000000000000000e+00 4.311204945012642176e-02 -4.140222873444895230e-03
4.200000000000000000e+01 3.900000000000000000e+01 1.000000000000000000e+00 4.426492935985759658e-02 -4.847047850776880530e-03
4.200000000000000000e+01 3.900000000000000000e+01 2.000000000000000000e+00 4.538948258860336926e-02 -5.478365205887792723e-03
4.200000000000000000e+01 3.900000000000000000e+01 3.000000000000000000e+00 4.668262954301999335e-02 -6.007679339864400656e-03
4.200000000000000000e+01 4.000000000000000000e+01 0.000000000000000000e+00 4.968841345656149766e-02 -5.546738833928878051e-03
4.200000000000000000e+01 4.000000000000000000e+01 1.000000000000000000e+00 5.055094243668506460e-02 -6.111189310152934095e-03
4.200000000000000000e+01 4.000000000000000000e+01 2.000000000000000000e+00 5.156495241892955494e-02 -6.580452487547292992e-03
4.200000000000000000e+01 4.100000000000000000e+01 0.000000000000000000e+00 5.680800388390344624e-02 -7.169473586367858774e-03
4.200000000000000000e+01 4.100000000000000000e+01 1.000000000000000000e+00 5.767096688476941457e-02 -7.586489019019790163e-03
4.200000000000000000e+01 4.200000000000000000e+01 0.000000000000000000e+00 6.337739634227346208e-02 -9.043562755852186177e-03
4.300000000000000000e+01 3.800000000000000000e+01 0.000000000000000000e+00 3.836534663648777377e-02 -2.329801845402505213e-03
4.300000000000000000e+01 3.800000000000000000e+01 1.000000000000000000e+00 3.981133897207567163e-02 -3.243206826975360366e-03
4.300000000000000000e+01 3.800000000000000000e+01 2.000000000000000000e+00 4.131770477379903550e-02 -4.046424199319369024e-03
4.300000000000000000e+01 3.800000000000000000e+01 3.000000000000000000e+00 4.277626551608376682e-02 -4.775588211117468875e-03
4.300000000000000000e+01 3.800000000000000000e+01 4.000000000000000000e+00 4.432577421053440769e-02 -5.382277086080864206e-03
4.300000000000000000e+01 3.800000000000000000e+01 5.000000000000000000e+00 4.581663310134787004e-02 -5.902902145072103438e-03
4.300000000000000000e+01 3.900000000000000000e+01 0.000000000000000000e+00 4.360108027659093111e-02 -3.670231706918440813e-03
4.300000000000000000e+01 3.900000000000000000e+01 1.000000000000000000e+00 4.463045019217470877e-02 -4.408697640038474093e-03
4.300000000000000000e+01 3.900000000000000000e+01 2.000000000000000000e+00 4.572316654002361869e-02 -5.082767642486635262e-03
4.300000000000000000e+01 3.900000000000000000e+01 3.000000000000000000e+00 4.690314212750951173e-02 -5.658673523997895770e-03
4.300000000000000000e+01 3.900000000000000000e+01 4.000000000000000000e+00 4.808310252777903138e-02 -6.141473654919589638e-03
4.300000000000000000e+01 4.000000000000000000e+01 0.000000000000000000e+00 4.987064970598092950e-02 -5.108558217922672118e-03
4.300000000000000000e+01 4.000000000000000000e+01 1.000000000000000000e+00 5.078187441650289236e-02 -5.713840857218711357e-03
4.300000000000000000e+01 4.000000000000000000e+01 2.000000000000000000e+00 5.163386498157912508e-02 -6.235327611680485486e-03
4.300000000000000000e+01 4.000000000000000000e+01 3.000000000000000000e+00 5.257739746801581848e-02 -6.665101884076991834e-03
4.300000000000000000e+01 4.100000000000000000e+01 0.000000000000000000e+00 5.686970843665228870e-02 -6.754344794577079279e-03
4.300000000000000000e+01 4.100000000000000000e+01 1.000000000000000000e+00 5.767041348068518980e-02 -7.218612704000502978e-03
4.300000000000000000e+01 4.100000000000000000e+01 2.000000000000000000e+00 5.850791154868850708e-02 -7.596218940393407310e-03
4.300000000000000000e+01 4.200000000000000000e+01 0.000000000000000000e+00 6.350715624111957780e-02 -8.642601547889197308e-03
4.300000000000000000e+01 4.200000000000000000e+01 1.000000000000000000e+00 6.429131408766830535e-02 -8.997011417561828067e-03
4.300000000000000000e+01 4.300000000000000000e+01 0.000000000000000000e+00 6.893736128156457976e-02 -1.081959105465000320e-02
4.400000000000000000e+01 3.900000000000000000e+01 0.000000000000000000e+00 4.402190422335766629e-02 -3.154532065496388950e-03
4.400000000000000000e+01 3.900000000000000000e+01 1.000000000000000000e+00 4.490706125530913306e-02 -3.921135818231154778e-03
4.400000000000000000e+01 3.900000000000000000e+01 2.000000000000000000e+00 4.589765217963043265e-02 -4.628176990497501198e-03
4.400000000000000000e+01 3.900000000000000000e+01 3.000000000000000000e+00 4.702474336321121884e-02 -5.253933971419193043e-03
4.400000000000000000e+01 3.900000000000000000e+01 4.000000000000000000e+00 4.823474700316704444e-02 -5.769286533585341915e-03
4.400000000000000000e+01 3.900000000000000000e+01 5.000000000000000000e+00 4.939833853513375672e-02 -6.220901507646745855e-03
4.400000000000000000e+01 4.000000000000000000e+01 0.000000000000000000e+00 5.010639200753908007e-02 -4.622264123806786931e-03
4.400000000000000000e+01 4.000000000000000000e+01 1.000000000000000000e+00 5.093890617308299840e-02 -5.260084634874531359e-03
4.400000000000000000e+01 4.000000000000000000e+01 2.000000000000000000e+00 5.178467586066953787e-02 -5.820531426917398450e-03
4.400000000000000000e+01 4.000000000000000000e+01 3.000000000000000000e+00 5.262228404119612124e-02 -6.294805133540149096e-03
4.400000000000000000e+01 4.000000000000000000e+01 4.000000000000000000e+00 5.351619225523590595e-02 -6.697141009835944764e-03
4.400000000000000000e+01 4.100000000000000000e+01 0.000000000000000000e+00 5.691697910543086492e-02 -6.289859761264544533e-03
4.400000000000000000e+01 4.100000000000000000e+01 1.000000000000000000e+00 5.775890365081171041e-02 -6.792139967982552609e-03
4.400000000000000000e+01 4.100000000000000000e+01 2.000000000000000000e+00 5.845767515446009810e-02 -7.221394849587101095e-03
4.400000000000000000e+01 4.100000000000000000e+01 3.000000000000000000e+00 5.921687427986849217e-02 -7.572787921056172399e-03
4.400000000000000000e+01 4.200000000000000000e+01 0.000000000000000000e+00 6.355468078160864120e-02 -8.203155640933778442e-03
4.400000000000000000e+01 4.200000000000000000e+01 1.000000000000000000e+00 6.431752885553537746e-02 -8.596824287873264595e-03
4.400000000000000000e+01 4.200000000000000000e+01 2.000000000000000000e+00 6.504561364930988576e-02 -8.916811800057612356e-03
4.400000000000000000e+01 4.300000000000000000e+01 0.000000000000000000e+00 6.907040174246920072e-02 -1.040407517488695956e-02
4.400000000000000000e+01 4.300000000000000000e+01 1.000000000000000000e+00 6.973093087296527992e-02 -1.071931331466564365e-02
4.400000000000000000e+01 4.400000000000000000e+01 0.000000000000000000e+00 7.351475284137298782e-02 -1.276604384363727238e-02
4.500000000000000000e+01 4.000000000000000000e+01 0.000000000000000000e+00 5.028894230277153321e-02 -4.097099145195355618e-03
4.500000000000000000e+01 4.000000000000000000e+01 1.000000000000000000e+00 5.100673739839023391e-02 -4.760387520656023108e-03
4.500000000000000000e+01 4.000000000000000000e+01 2.000000000000000000e+00 5.178838823801684699e-02 -5.352849984237409257e-03
4.500000000000000000e+01 4.000000000000000000e+01 3.000000000000000000e+00 5.261724826432162549e-02 -5.867454066083055073e-03
4.500000000000000000e+01 4.000000000000000000e+01 4.000000000000000000e+00 5.349837880515023736e-02 -6.309678988480726947e-03
4.500000000000000000e+01 4.000000000000000000e+01 5.000000000000000000e+00 5.434147506800024452e-02 -6.681532037812925109e-03
4.500000000000000000e+01 4.100000000000000000e+01 0.000000000000000000e+00 5.698669793786209636e-02 -5.787920246896159984e-03
4.500000000000000000e+01 4.100000000000000000e+01 1.000000000000000000e+00 5.774749495818798373e-02 -6.321742223168087295e-03
4.500000000000000000e+01 4.100000000000000000e+01 2.000000000000000000e+00 5.850424094859107971e-02 -6.780889645955572032e-03
4.500000000000000000e+01 4.100000000000000000e+01 3.000000000000000000e+00 5.919118748385604478e-02 -7.182718075492968909e-03
4.500000000000000000e+01 4.100000000000000000e+01 4.000000000000000000e+00 5.989783648505919711e-02 -7.508246446879645805e-03
4.500000000000000000e+01 4.200000000000000000e+01 0.000000000000000000e+00 6.355423280625244198e-02 -7.719654222245761130e-03
4.500000000000000000e+01 4.200000000000000000e+01 1.000000000000000000e+00 6.427343625415837813e-02 -8.139478390055569779e-03
4.500000000000000000e+01 4.200000000000000000e+01 2.000000000000000000e+00 6.494166408183027484e-02 -8.508585969203934923e-03
4.500000000000000000e+01 4.200000000000000000e+01 3.000000000000000000e+00 6.567469397332459380e-02 -8.805484899504610261e-03
4.500000000000000000e+01 4.300000000000000000e+01 0.000000000000000000e+00 6.915635271301451281e-02 -9.936195724538264551e-03
4.500000000000000000e+01 4.300000000000000000e+01 1.000000000000000000e+00 6.989536584970601485e-02 -1.029165441635881278e-02
4.500000000000000000e+01 4.300000000000000000e+01 2.000000000000000000e+00 7.048735482178031253e-02 -1.057914987649336697e-02
4.500000000000000000e+01 4.400000000000000000e+01 0.000000000000000000e+00 7.359272574034247949e-02 -1.235114301669969043e-02
4.500000000000000000e+01 4.400000000000000000e+01 1.000000000000000000e+00 7.416610897550623971e-02 -1.263449346872271874e-02
4.500000000000000000e+01 4.500000000000000000e+01 0.000000000000000000e+00 7.714042713783614280e-02 -1.470563448087424188e-02
4.600000000000000000e+01 4.100000000000000000e+01 0.000000000000000000e+00 5.712696508919806737e-02 -5.253664992907161775e-03
4.600000000000000000e+01 4.100000000000000000e+01 1.000000000000000000e+00 5.777367081058892850e-02 -5.809913357190584285e-03
4.600000000000000000e+01 4.100000000000000000e+01 2.000000000000000000e+00 5.846290172958423792e-02 -6.295649391142723629e-03
4.600000000000000000e+01 4.100000000000000000e+01 3.000000000000000000e+00 5.917802000063682177e-02 -6.735896696121879655e-03
4.600000000000000000e+01 4.100000000000000000e+01 4.000000000000000000e+00 5.981791449697410057e-02 -7.106946837709665794e-03
4.600000000000000000e+01 4.100000000000000000e+01 5.000000000000000000e+00 6.047096855477696042e-02 -7.407042874331202890e-03
4.600000000000000000e+01 4.200000000000000000e+01 0.000000000000000000e+00 6.360510893516529984e-02 -7.202079431832426708e-03
4.600000000000000000e+01 4.200000000000000000e+01 1.000000000000000000e+00 6.425721003445727941e-02 -7.649943626548346386e-03
4.600000000000000000e+01 4.200000000000000000e+01 2.000000000000000000e+00 6.498330212699604536e-02 -8.050093410360680685e-03
4.600000000000000000e+01 4.200000000000000000e+01 3.000000000000000000e+00 6.552833821459935759e-02 -8.395862903892941861e-03
4.600000000000000000e+01 4.200000000000000000e+01 4.000000000000000000e+00 6.616274095671093036e-02 -8.665279142386961286e-03
4.600000000000000000e+01 4.300000000000000000e+01 0.000000000000000000e+00 6.921009745510270372e-02 -9.439438013521090146e-03
4.600000000000000000e+01 4.300000000000000000e+01 1.000000000000000000e+00 6.984567530799185020e-02 -9.823423672289312292e-03
4.600000000000000000e+01 4.300000000000000000e+01 2.000000000000000000e+00 7.048338441351964523e-02 -1.014668613043849359e-02
4.600000000000000000e+01 4.300000000000000000e+01 3.000000000000000000e+00 7.107606898392254680e-02 -1.041099921461812773e-02
4.600000000000000000e+01 4.400000000000000000e+01 0.000000000000000000e+00 7.368301743473049115e-02 -1.188039409368550972e-02
4.600000000000000000e+01 4.400000000000000000e+01 1.000000000000000000e+00 7.424160024660320101e-02 -1.220034487801334791e-02
4.600000000000000000e+01 4.400000000000000000e+01 2.000000000000000000e+00 7.476197224541203390e-02 -1.245913396941607069e-02
4.600000000000000000e+01 4.500000000000000000e+01 0.000000000000000000e+00 7.720301961754766351e-02 -1.428552244700112897e-02
4.600000000000000000e+01 4.500000000000000000e+01 1.000000000000000000e+00 7.771700915556528644e-02 -1.453835501538240475e-02
4.600000000000000000e+01 4.600000000000000000e+01 0.000000000000000000e+00 8.005769124454537033e-02 -1.648619104830567270e-02
4.700000000000000000e+01 4.200000000000000000e+01 0.000000000000000000e+00 6.368919962737601415e-02 -6.665665030876309627e-03
4.700000000000000000e+01 4.200000000000000000e+01 1.000000000000000000e+00 6.427200552146589141e-02 -7.132978458095112079e-03
4.700000000000000000e+01 4.200000000000000000e+01 2.000000000000000000e+00 6.491688395521494348e-02 -7.561784218849549807e-03
4.700000000000000000e+01 4.200000000000000000e+01 3.000000000000000000e+00 6.555905980083220896e-02 -7.936670583738921619e-03
4.700000000000000000e+01 4.200000000000000000e+01 4.000000000000000000e+00 6.608771241908206751e-02 -8.255657723368600709e-03
4.700000000000000000e+01 4.200000000000000000e+01 5.000000000000000000e+00 6.665481582285437412e-02 -8.499557773204848704e-03
4.700000000000000000e+01 4.300000000000000000e+01 0.000000000000000000e+00 6.927161990485569687e-02 -8.920328318176257848e-03
4.700000000000000000e+01 4.300000000000000000e+01 1.000000000000000000e+00 6.984581614597940025e-02 -9.329905459371699850e-03
4.700000000000000000e+01 4.300000000000000000e+01 2.000000000000000000e+00 7.043840748309371236e-02 -9.683364316024924839e-03
4.700000000000000000e+01 4.300000000000000000e+01 3.000000000000000000e+00 7.099764456927665224e-02 -9.989443921515571076e-03
4.700000000000000000e+01 4.300000000000000000e+01 4.000000000000000000e+00 7.154773134661873701e-02 -1.022399124360212110e-02
4.700000000000000000e+01 4.400000000000000000e+01 0.000000000000000000e+00 7.378936934781804569e-02 -1.138690597971581120e-02
4.700000000000000000e+01 4.400000000000000000e+01 1.000000000000000000e+00 7.433285358816554833e-02 -1.173506226531166423e-02
4.700000000000000000e+01 4.400000000000000000e+01 2.000000000000000000e+00 7.484732825627365971e-02 -1.202964886286700744e-02
4.700000000000000000e+01 4.400000000000000000e+01 3.000000000000000000e+00 7.529007246082930482e-02 -1.226577281205245076e-02
4.700000000000000000e+01 4.500000000000000000e+01 0.000000000000000000e+00 7.732672867991680077e-02 -1.383654977347875854e-02
4.700000000000000000e+01 4.500000000000000000e+01 1.000000000000000000e+00 7.781852892969903790e-02 -1.412331516533387246e-02
4.700000000000000000e+01 4.500000000000000000e+01 2.000000000000000000e+00 7.829679202602929378e-02 -1.435262273543037002e-02
4.700000000000000000e+01 4.600000000000000000e+01 0.000000000000000000e+00 8.013782606008429399e-02 -1.608347979420504323e-02
4.700000000000000000e+01 4.600000000000000000e+01 1.000000000000000000e+00 8.056666345059276813e-02 -1.630720306065843242e-02
4.700000000000000000e+01 4.700000000000000000e+01 0.000000000000000000e+00 8.229064578480133063e-02 -1.811937039285504286e-02
4.800000000000000000e+01 4.300000000000000000e+01 0.000000000000000000e+00 6.935775956732859182e-02 -8.392536933684136002e-03
4.800000000000000000e+01 4.300000000000000000e+01 1.000000000000000000e+00 6.984384516652369923e-02 -8.823954612536977909e-03
4.800000000000000000e+01 4.300000000000000000e+01 2.000000000000000000e+00 7.044545459792017628e-02 -9.200355234689011619e-03
4.800000000000000000e+01 4.300000000000000000e+01 3.000000000000000000e+00 7.099990241525444556e-02 -9.532429548341650113e-03
4.800000000000000000e+01 4.300000000000000000e+01 4.000000000000000000e+00 7.141926134140530458e-02 -9.807971770810762838e-03
4.800000000000000000e+01 4.300000000000000000e+01 5.000000000000000000e+00 7.194486974122721312e-02 -1.001863010492760539e-02
4.800000000000000000e+01 4.400000000000000000e+01 0.000000000000000000e+00 7.392038512883919443e-02 -1.088215751210451845e-02
4.800000000000000000e+01 4.400000000000000000e+01 1.000000000000000000e+00 7.434768220958909435e-02 -1.125444632114639028e-02
4.800000000000000000e+01 4.400000000000000000e+01 2.000000000000000000e+00 7.485504901056383442e-02 -1.157449679292317339e-02
4.800000000000000000e+01 4.400000000000000000e+01 3.000000000000000000e+00 7.535260434185314660e-02 -1.184419922152872041e-02
4.800000000000000000e+01 4.400000000000000000e+01 4.000000000000000000e+00 7.576589898725188954e-02 -1.205840826125514909e-02
4.800000000000000000e+01 4.500000000000000000e+01 0.000000000000000000e+00 7.742710133206592849e-02 -1.336664535806628487e-02
4.800000000000000000e+01 4.500000000000000000e+01 1.000000000000000000e+00 7.780578802175380781e-02 -1.368179315199883131e-02
4.800000000000000000e+01 4.500000000000000000e+01 2.000000000000000000e+00 7.825379865095088983e-02 -1.393883444475253232e-02
4.800000000000000000e+01 4.500000000000000000e+01 3.000000000000000000e+00 7.870705156878515796e-02 -1.414671974351255392e-02
4.800000000000000000e+01 4.600000000000000000e+01 0.000000000000000000e+00 8.020379921524994904e-02 -1.564945518995824320e-02
4.800000000000000000e+01 4.600000000000000000e+01 1.000000000000000000e+00 8.055572025697615990e-02 -1.590201079038925172e-02
4.800000000000000000e+01 4.600000000000000000e+01 2.000000000000000000e+00 8.097004918025024756e-02 -1.610236949219791269e-02
4.800000000000000000e+01 4.700000000000000000e+01 0.000000000000000000e+00 8.230730994939777778e-02 -1.772454062778212186e-02
4.800000000000000000e+01 4.700000000000000000e+01 1.000000000000000000e+00 8.259920982693386149e-02 -1.792116810720267156e-02
4.800000000000000000e+01 4.800000000000000000e+01 0.000000000000000000e+00 8.358370992501801267e-02 -1.969415767775988674e-02
4.900000000000000000e+01 4.400000000000000000e+01 0.000000000000000000e+00 7.400285050059524083e-02 -1.037679612320710314e-02
4.900000000000000000e+01 4.400000000000000000e+01 1.000000000000000000e+00 7.439854205372370410e-02 -1.076744776305217817e-02
4.900000000000000000e+01 4.400000000000000000e+01 2.000000000000000000e+00 7.484063361837767214e-02 -1.111380042135130287e-02
4.900000000000000000e+01 4.400000000000000000e+01 3.000000000000000000e+00 7.530654200729747227e-02 -1.139914206652382564e-02
4.900000000000000000e+01 4.400000000000000000e+01 4.000000000000000000e+00 7.576479017551435158e-02 -1.164517755230823869e-02
4.900000000000000000e+01 4.400000000000000000e+01 5.000000000000000000e+00 7.614695282975741941e-02 -1.183499010325076567e-02
4.900000000000000000e+01 4.500000000000000000e+01 0.000000000000000000e+00 7.752745097244023720e-02 -1.288722080935172758e-02
4.900000000000000000e+01 4.500000000000000000e+01 1.000000000000000000e+00 7.784842912275574678e-02 -1.322508955077231554e-02
4.900000000000000000e+01 4.500000000000000000e+01 2.000000000000000000e+00 7.827277238529189995e-02 -1.350841399902829622e-02
4.900000000000000000e+01 4.500000000000000000e+01 3.000000000000000000e+00 7.868478570350329049e-02 -1.374241636935552222e-02
4.900000000000000000e+01 4.500000000000000000e+01 4.000000000000000000e+00 7.907974763157327169e-02 -1.393160772582076323e-02
4.900000000000000000e+01 4.600000000000000000e+01 0.000000000000000000e+00 8.033368468483009783e-02 -1.520165430123235351e-02
4.900000000000000000e+01 4.600000000000000000e+01 1.000000000000000000e+00 8.059979423259927556e-02 -1.547803210900034962e-02
4.900000000000000000e+01 4.600000000000000000e+01 2.000000000000000000e+00 8.099776980807865678e-02 -1.570674519918085349e-02
4.900000000000000000e+01 4.600000000000000000e+01 3.000000000000000000e+00 8.135133399380817254e-02 -1.589088848909856952e-02
4.900000000000000000e+01 4.700000000000000000e+01 0.000000000000000000e+00 8.242723562632076062e-02 -1.731020703046485740e-02
4.900000000000000000e+01 4.700000000000000000e+01 1.000000000000000000e+00 8.263720256162659927e-02 -1.753383729182981382e-02
4.900000000000000000e+01 4.700000000000000000e+01 2.000000000000000000e+00 8.297181736815634201e-02 -1.771276600806776999e-02
4.900000000000000000e+01 4.800000000000000000e+01 0.000000000000000000e+00 8.369064611029614076e-02 -1.931109708272295625e-02
4.900000000000000000e+01 4.800000000000000000e+01 1.000000000000000000e+00 8.385169801352493346e-02 -1.948836183902832517e-02
4.900000000000000000e+01 4.900000000000000000e+01 0.000000000000000000e+00 8.425114802076344445e-02 -2.128509612641783788e-02
