3.500000000000000000e+01 3.000000000000000000e+01 0.000000000000000000e+00 -7.996182248526464281e-03 9.190815273192483575e-04
3.500000000000000000e+01 3.000000000000000000e+01 1.000000000000000000e+00 0.000000000000000000e+00 -3.553320081366196556e-16
3.500000000000000000e+01 3.000000000000000000e+01 2.000000000000000000e+00 7.832733884626416968e-03 -9.692736784209973191e-04
3.500000000000000000e+01 3.000000000000000000e+01 3.000000000000000000e+00 1.569047230831764270e-02 -1.969692165348501701e-03
3.500000000000000000e+01 3.000000000000000000e+01 4.000000000000000000e+00 2.365192459579443587e-02 -2.954933803428172814e-03
3.500000000000000000e+01 3.000000000000000000e+01 5.000000000000000000e+00 4.308599102020950478e-02 -3.583754500369815653e-03
3.500000000000000000e+01 3.100000000000000000e+01 0.000000000000000000e+00 3.588981438181038965e-03 4.158521432934811140e-04
3.500000000000000000e+01 3.100000000000000000e+01 1.000000000000000000e+00 1.168101326765219605e-02 -4.910766486068680967e-04
3.500000000000000000e+01 3.100000000000000000e+01 2.000000000000000000e+00 1.975013886942619812e-02 -1.430266922955714592e-03
3.500000000000000000e+01 3.100000000000000000e+01 3.000000000000000000e+00 2.794522738323322597e-02 -2.363906538968091765e-03
3.500000000000000000e+01 3.100000000000000000e+01 4.000000000000000000e+00 4.800034204643822966e-02 -2.929334457358198206e-03
3.500000000000000000e+01 3.200000000000000000e+01 0.000000000000000000e+00 1.468249303465190420e-02 -1.777101618639678174e-04
3.500000000000000000e+01 3.200000000000000000e+01 1.000000000000000000e+00 2.300363554249515441e-02 -1.066362735542586209e-03
3.500000000000000000e+01 3.200000000000000000e+01 2.000000000000000000e+00 3.139187558235258940e-02 -1.952655670957707769e-03
3.500000000000000000e+01 3.200000000000000000e+01 3.000000000000000000e+00 5.200410033049800845e-02 -2.467537992966600986e-03
3.500000000000000000e+01 3.300000000000000000e+01 0.000000000000000000e+00 2.549217052840230258e-02 -8.431418604264389162e-04
3.500000000000000000e+01 3.300000000000000000e+01 1.000000000000000000e+00 3.389991387775326964e-02 -1.686761748790484424e-03
3.500000000000000000e+01 3.300000000000000000e+01 2.000000000000000000e+00 5.526365761726337311e-02 -2.152977891688682456e-03
3.500000000000000000e+01 3.400000000000000000e+01 0.000000000000000000e+00 3.567440243961903651e-02 -1.542386387738434866e-03
3.500000000000000000e+01 3.400000000000000000e+01 1.000000000000000000e+00 5.751890583762454823e-02 -1.969279743162492911e-03
3.500000000000000000e+01 3.500000000000000000e+01 0.000000000000000000e+00 5.937079999001579345e-02 -1.878776970794412927e-03
3.600000000000000000e+01 3.100000000000000000e+01 0.000000000000000000e+00 3.913830280724847968e-03 8.263418234127007300e-04
3.600000000000000000e+01 3.100000000000000000e+01 1.000000000000000000e+00 1.229747791759338085e-02 -1.199056034267544308e-04
3.600000000000000000e+01 3.100000000000000000e+01 2.000000000000000000e+00 2.098691539809098561e-02 -1.107181185549502246e-03
3.600000000000000000e+01 3.100000000000000000e+01 3.000000000000000000e+00 2.905535144094335137e-02 -2.098975523864318998e-03
3.600000000000000000e+01 3.100000000000000000e+01 4.000000000000000000e+00 3.736686643862915935e-02 -3.071972448693388938e-03
3.600000000000000000e+01 3.100000000000000000e+01 5.000000000000000000e+00 5.539479926736964877e-02 -3.787455350993883599e-03
3.600000000000000000e+01 3.200000000000000000e+01 0.000000000000000000e+00 1.542864673964714460e-02 1.973434978581673686e-04
3.600000000000000000e+01 3.200000000000000000e+01 1.000000000000000000e+00 2.431531484252293443e-02 -7.431056088537014862e-04
3.600000000000000000e+01 3.200000000000000000e+01 2.000000000000000000e+00 3.262329114981402101e-02 -1.687123501776340321e-03
3.600000000000000000e+01 3.200000000000000000e+01 3.000000000000000000e+00 4.116833335411825695e-02 -2.618924630474638113e-03
3.600000000000000000e+01 3.200000000000000000e+01 4.000000000000000000e+00 5.973141682299833166e-02 -3.293532985930529983e-03
3.600000000000000000e+01 3.300000000000000000e+01 0.000000000000000000e+00 2.683087217785402184e-02 -5.208362174348662261e-04
3.600000000000000000e+01 3.300000000000000000e+01 1.000000000000000000e+00 3.537577103764747571e-02 -1.420447382083203647e-03
3.600000000000000000e+01 3.300000000000000000e+01 2.000000000000000000e+00 4.404575260377397578e-02 -2.310915240436813445e-03
3.600000000000000000e+01 3.300000000000000000e+01 3.000000000000000000e+00 6.319613133634334468e-02 -2.950080923191824959e-03
3.600000000000000000e+01 3.400000000000000000e+01 0.000000000000000000e+00 3.712890528138672319e-02 -1.273946446651060514e-03
3.600000000000000000e+01 3.400000000000000000e+01 1.000000000000000000e+00 4.588896265019666576e-02 -2.139908342118926332e-03
3.600000000000000000e+01 3.400000000000000000e+01 2.000000000000000000e+00 6.577379122231750974e-02 -2.744769367489756709e-03
3.600000000000000000e+01 3.500000000000000000e+01 0.000000000000000000e+00 4.732678656344113666e-02 -2.050858237735909539e-03
3.600000000000000000e+01 3.500000000000000000e+01 1.000000000000000000e+00 6.755595282216748931e-02 -2.632076101524068353e-03
3.600000000000000000e+01 3.600000000000000000e+01 0.000000000000000000e+00 7.002817480701761799e-02 -2.604329812956945964e-03
3.700000000000000000e+01 3.200000000000000000e+01 0.000000000000000000e+00 1.616155065350084741e-02 6.328298573251475148e-04
3.700000000000000000e+01 3.200000000000000000e+01 1.000000000000000000e+00 2.531028529152075379e-02 -3.554277580576499203e-04
3.700000000000000000e+01 3.200000000000000000e+01 2.000000000000000000e+00 3.388993162360610933e-02 -1.344526514587162346e-03
3.700000000000000000e+01 3.200000000000000000e+01 3.000000000000000000e+00 4.207422796924464165e-02 -2.338936965066224210e-03
3.700000000000000000e+01 3.200000000000000000e+01 4.000000000000000000e+00 5.038185931294225650e-02 -3.302265589380555619e-03
3.700000000000000000e+01 3.200000000000000000e+01 5.000000000000000000e+00 6.597847609861860751e-02 -4.098144394757369767e-03
3.700000000000000000e+01 3.300000000000000000e+01 0.000000000000000000e+00 2.778134941057924454e-02 -1.308959971488916549e-04
3.700000000000000000e+01 3.300000000000000000e+01 1.000000000000000000e+00 3.661232774514406457e-02 -1.081534264306458978e-03
3.700000000000000000e+01 3.300000000000000000e+01 2.000000000000000000e+00 4.495073049963694417e-02 -2.036928222969507790e-03
3.700000000000000000e+01 3.300000000000000000e+01 3.000000000000000000e+00 5.350119851188516601e-02 -2.967808477696290675e-03
3.700000000000000000e+01 3.300000000000000000e+01 4.000000000000000000e+00 6.958279911358918046e-02 -3.737482692026724423e-03
3.700000000000000000e+01 3.400000000000000000e+01 0.000000000000000000e+00 3.859564314620229919e-02 -9.356368715784459155e-04
3.700000000000000000e+01 3.400000000000000000e+01 1.000000000000000000e+00 4.702018139946573250e-02 -1.859062642696388814e-03
3.700000000000000000e+01 3.400000000000000000e+01 2.000000000000000000e+00 5.582639449693623662e-02 -2.768383635136190297e-03
3.700000000000000000e+01 3.400000000000000000e+01 3.000000000000000000e+00 7.224775903876988481e-02 -3.507321938050554644e-03
3.700000000000000000e+01 3.500000000000000000e+01 0.000000000000000000e+00 4.857309675323157050e-02 -1.772680374745188225e-03
3.700000000000000000e+01 3.500000000000000000e+01 1.000000000000000000e+00 5.744944692133989450e-02 -2.652359105704302916e-03
3.700000000000000000e+01 3.500000000000000000e+01 2.000000000000000000e+00 7.421149167195890961e-02 -3.378447817662689860e-03
3.700000000000000000e+01 3.600000000000000000e+01 0.000000000000000000e+00 5.874477601365324375e-02 -2.638810706240382262e-03
3.700000000000000000e+01 3.600000000000000000e+01 1.000000000000000000e+00 7.579016385622298901e-02 -3.339471768743078849e-03
3.700000000000000000e+01 3.700000000000000000e+01 0.000000000000000000e+00 8.011224943406937415e-02 -3.395907295240713046e-03
3.800000000000000000e+01 3.300000000000000000e+01 0.000000000000000000e+00 2.816134796583945332e-02 3.139036762596671137e-04
3.800000000000000000e+01 3.300000000000000000e+01 1.000000000000000000e+00 3.736267902321111639e-02 -6.854231310309797948e-04
3.800000000000000000e+01 3.300000000000000000e+01 2.000000000000000000e+00 4.579070693256909880e-02 -1.692014132959248794e-03
3.800000000000000000e+01 3.300000000000000000e+01 3.000000000000000000e+00 5.401225012888084820e-02 -2.686608750198251662e-03
3.800000000000000000e+01 3.300000000000000000e+01 4.000000000000000000e+00 6.211796128361453395e-02 -3.630933199884743556e-03
3.800000000000000000e+01 3.300000000000000000e+01 5.000000000000000000e+00 7.367467943595276680e-02 -4.464671197825497220e-03
3.800000000000000000e+01 3.400000000000000000e+01 0.000000000000000000e+00 3.945113635271089991e-02 -5.391571140937459136e-04
3.800000000000000000e+01 3.400000000000000000e+01 1.000000000000000000e+00 4.804024819573312483e-02 -1.515941298231292342e-03
3.800000000000000000e+01 3.400000000000000000e+01 2.000000000000000000e+00 5.647215929235798598e-02 -2.485513168450333935e-03
3.800000000000000000e+01 3.400000000000000000e+01 3.000000000000000000e+00 6.463294495682526952e-02 -3.409782725577472761e-03
3.800000000000000000e+01 3.400000000000000000e+01 4.000000000000000000e+00 7.647048245279383649e-02 -4.220681353617305141e-03
3.800000000000000000e+01 3.500000000000000000e+01 0.000000000000000000e+00 4.954224485351936547e-02 -1.433223756372784246e-03
3.800000000000000000e+01 3.500000000000000000e+01 1.000000000000000000e+00 5.793893584787809803e-02 -2.378940988570232146e-03
3.800000000000000000e+01 3.500000000000000000e+01 2.000000000000000000e+00 6.629794379122098957e-02 -3.287207845306697358e-03
3.800000000000000000e+01 3.500000000000000000e+01 3.000000000000000000e+00 7.846358107721182473e-02 -4.081501053823115635e-03
3.800000000000000000e+01 3.600000000000000000e+01 0.000000000000000000e+00 5.926635825569950833e-02 -2.357357179654498772e-03
3.800000000000000000e+01 3.600000000000000000e+01 1.000000000000000000e+00 6.760825535411142673e-02 -3.248009358595739960e-03
3.800000000000000000e+01 3.600000000000000000e+01 2.000000000000000000e+00 7.992381665958961379e-02 -4.026210467735794225e-03
3.800000000000000000e+01 3.700000000000000000e+01 0.000000000000000000e+00 6.993758200250105306e-02 -3.302796474736648200e-03
3.800000000000000000e+01 3.700000000000000000e+01 1.000000000000000000e+00 8.186537489809973811e-02 -4.062823163001879484e-03
3.800000000000000000e+01 3.800000000000000000e+01 0.000000000000000000e+00 9.112439681349228382e-02 -4.252312227318982493e-03
3.900000000000000000e+01 3.400000000000000000e+01 0.000000000000000000e+00 3.958778682480668110e-02 -6.695116865665415686e-05
3.900000000000000000e+01 3.400000000000000000e+01 1.000000000000000000e+00 4.838096166735836312e-02 -1.090489966500018514e-03
3.900000000000000000e+01 3.400000000000000000e+01 2.000000000000000000e+00 5.652710233169874754e-02 -2.117711081424152562e-03
3.900000000000000000e+01 3.400000000000000000e+01 3.000000000000000000e+00 6.462144904452539473e-02 -3.103312483535759607e-03
3.900000000000000000e+01 3.400000000000000000e+01 4.000000000000000000e+00 7.157744376143329590e-02 -4.006424916480651535e-03
3.900000000000000000e+01 3.400000000000000000e+01 5.000000000000000000e+00 7.920054310259729002e-02 -4.815085022265698164e-03
3.900000000000000000e+01 3.500000000000000000e+01 0.000000000000000000e+00 5.008679012880824094e-02 -1.009079176577730268e-03
3.900000000000000000e+01 3.500000000000000000e+01 1.000000000000000000e+00 5.832104292131674861e-02 -2.013363119617711788e-03
3.900000000000000000e+01 3.500000000000000000e+01 2.000000000000000000e+00 6.631746470832318441e-02 -2.979168806872761668e-03
3.900000000000000000e+01 3.500000000000000000e+01 3.000000000000000000e+00 7.354710045941327545e-02 -3.872183341060889128e-03
3.900000000000000000e+01 3.500000000000000000e+01 4.000000000000000000e+00 8.132640602004152786e-02 -4.663928682624717513e-03
3.900000000000000000e+01 3.600000000000000000e+01 0.000000000000000000e+00 5.991579390714540237e-02 -1.997676011605647312e-03
3.900000000000000000e+01 3.600000000000000000e+01 1.000000000000000000e+00 6.769754019712997950e-02 -2.946155048330826969e-03
3.900000000000000000e+01 3.600000000000000000e+01 2.000000000000000000e+00 7.481442405885443958e-02 -3.825362371873816583e-03
3.900000000000000000e+01 3.600000000000000000e+01 3.000000000000000000e+00 8.272121550022407122e-02 -4.601273350118082438e-03
3.900000000000000000e+01 3.700000000000000000e+01 0.000000000000000000e+00 6.987370066332940222e-02 -3.004772098160004169e-03
3.900000000000000000e+01 3.700000000000000000e+01 1.000000000000000000e+00 7.641133678896395998e-02 -3.864161272640290624e-03
3.900000000000000000e+01 3.700000000000000000e+01 2.000000000000000000e+00 8.413328348058680961e-02 -4.619477059266491326e-03
3.900000000000000000e+01 3.800000000000000000e+01 0.000000000000000000e+00 8.219333859496671946e-02 -4.057505843859903275e-03
3.900000000000000000e+01 3.800000000000000000e+01 1.000000000000000000e+00 8.869051706948022362e-02 -4.774295560219301085e-03
3.900000000000000000e+01 3.900000000000000000e+01 0.000000000000000000e+00 1.038720862432482989e-01 -5.198792222788168813e-03
4.000000000000000000e+01 3.500000000000000000e+01 0.000000000000000000e+00 5.276321866942589034e-02 -5.041426370756853497e-04
4.000000000000000000e+01 3.500000000000000000e+01 1.000000000000000000e+00 6.111592556979878604e-02 -1.554700983498938328e-03
4.000000000000000000e+01 3.500000000000000000e+01 2.000000000000000000e+00 6.874413168210806446e-02 -2.576039401583700775e-03
4.000000000000000000e+01 3.500000000000000000e+01 3.000000000000000000e+00 7.573765654421393823e-02 -3.528264367020915969e-03
4.000000000000000000e+01 3.500000000000000000e+01 4.000000000000000000e+00 8.151673208059811992e-02 -4.375874204417966144e-03
4.000000000000000000e+01 3.500000000000000000e+01 5.000000000000000000e+00 8.683580285896265460e-02 -5.111707231781641679e-03
4.000000000000000000e+01 3.600000000000000000e+01 0.000000000000000000e+00 6.284234396567964231e-02 -1.543143210751820151e-03
4.000000000000000000e+01 3.600000000000000000e+01 1.000000000000000000e+00 7.016350268750815022e-02 -2.543605634231052657e-03
4.000000000000000000e+01 3.600000000000000000e+01 2.000000000000000000e+00 7.718329044828037278e-02 -3.479451897007702649e-03
4.000000000000000000e+01 3.600000000000000000e+01 3.000000000000000000e+00 8.299743075131292558e-02 -4.317357958427129293e-03
4.000000000000000000e+01 3.600000000000000000e+01 4.000000000000000000e+00 8.841804250971443957e-02 -5.040607670320165594e-03
4.000000000000000000e+01 3.700000000000000000e+01 0.000000000000000000e+00 7.284784275417093002e-02 -2.610589471819573393e-03
4.000000000000000000e+01 3.700000000000000000e+01 1.000000000000000000e+00 7.893987918019619576e-02 -3.517820498823957028e-03
4.000000000000000000e+01 3.700000000000000000e+01 2.000000000000000000e+00 8.446822044208009139e-02 -4.342943757508263732e-03
4.000000000000000000e+01 3.700000000000000000e+01 3.000000000000000000e+00 8.984955920570747434e-02 -5.048651457559180135e-03
4.000000000000000000e+01 3.800000000000000000e+01 0.000000000000000000e+00 8.415038941449118348e-02 -3.713751780679844499e-03
4.000000000000000000e+01 3.800000000000000000e+01 1.000000000000000000e+00 8.837387527156152778e-02 -4.500632754201744530e-03
4.000000000000000000e+01 3.800000000000000000e+01 2.000000000000000000e+00 9.308772273724096047e-02 -5.173744469931670920e-03
4.000000000000000000e+01 3.900000000000000000e+01 0.000000000000000000e+00 9.880920481119802312e-02 -4.920742014518677578e-03
4.000000000000000000e+01 3.900000000000000000e+01 1.000000000000000000e+00 1.021269040376777265e-01 -5.531879018034445428e-03
4.000000000000000000e+01 4.000000000000000000e+01 0.000000000000000000e+00 1.181051844047270039e-01 -6.266963798986662816e-03
4.100000000000000000e+01 3.600000000000000000e+01 0.000000000000000000e+00 6.563224572707687665e-02 -1.031571336875949235e-03
4.100000000000000000e+01 3.600000000000000000e+01 1.000000000000000000e+00 7.281366348868945071e-02 -2.079519227566087227e-03
4.100000000000000000e+01 3.600000000000000000e+01 2.000000000000000000e+00 7.929542411585821515e-02 -3.061948753999281514e-03
4.100000000000000000e+01 3.600000000000000000e+01 3.000000000000000000e+00 8.508395236827520636e-02 -3.961136281105542140e-03
4.100000000000000000e+01 3.600000000000000000e+01 4.000000000000000000e+00 8.987769111478641215e-02 -4.721680927131267393e-03
4.100000000000000000e+01 3.600000000000000000e+01 5.000000000000000000e+00 9.448876721131063694e-02 -5.389743554683892358e-03
4.100000000000000000e+01 3.700000000000000000e+01 0.000000000000000000e+00 7.559144973263232092e-02 -2.152314267381525564e-03
4.100000000000000000e+01 3.700000000000000000e+01 1.000000000000000000e+00 8.124646581184931382e-02 -3.106576440489238616e-03
4.100000000000000000e+01 3.700000000000000000e+01 2.000000000000000000e+00 8.669803983785576151e-02 -3.986074616215098954e-03
4.100000000000000000e+01 3.700000000000000000e+01 3.000000000000000000e+00 9.133360011812094448e-02 -4.736187379937509614e-03
4.100000000000000000e+01 3.700000000000000000e+01 4.000000000000000000e+00 9.589989851472081883e-02 -5.390619517758132515e-03
4.100000000000000000e+01 3.800000000000000000e+01 0.000000000000000000e+00 8.654033808129539540e-02 -3.304137095613370479e-03
4.100000000000000000e+01 3.800000000000000000e+01 1.000000000000000000e+00 9.061970543375799658e-02 -4.137866154939108879e-03
4.100000000000000000e+01 3.800000000000000000e+01 2.000000000000000000e+00 9.447628242169993362e-02 -4.866418730621459125e-03
4.100000000000000000e+01 3.800000000000000000e+01 3.000000000000000000e+00 9.856772184738155085e-02 -5.495088427873033414e-03
4.100000000000000000e+01 3.900000000000000000e+01 0.000000000000000000e+00 1.000197629707828550e-01 -4.558728595235706817e-03
4.100000000000000000e+01 3.900000000000000000e+01 1.000000000000000000e+00 1.026580191487379418e-01 -5.224068924490636069e-03
4.100000000000000000e+01 3.900000000000000000e+01 2.000000000000000000e+00 1.059426457597438809e-01 -5.798237898983567631e-03
4.100000000000000000e+01 4.000000000000000000e+01 0.000000000000000000e+00 1.162648422492260775e-01 -5.937517295883170190e-03
4.100000000000000000e+01 4.000000000000000000e+01 1.000000000000000000e+00 1.186856859402745101e-01 -6.443896730045675994e-03
4.100000000000000000e+01 4.100000000000000000e+01 0.000000000000000000e+00 1.336795428716731349e-01 -7.527278348624663953e-03
4.200000000000000000e+01 3.700000000000000000e+01 0.000000000000000000e+00 7.777330411018393286e-02 -1.637839449766785973e-03
4.200000000000000000e+01 3.700000000000000000e+01 1.000000000000000000e+00 8.308930374248957307e-02 -2.632764724347691314e-03
4.200000000000000000e+01 3.700000000000000000e+01 2.000000000000000000e+00 8.819049447180087042e-02 -3.553812895475696142e-03
4.200000000000000000e+01 3.700000000000000000e+01 3.000000000000000000e+00 9.272366283587916980e-02 -4.358932217009951066e-03
4.200000000000000000e+01 3.700000000000000000e+01 4.000000000000000000e+00 9.702323450377889347e-02 -5.048885309789236282e-03
4.200000000000000000e+01 3.700000000000000000e+01 5.000000000000000000e+00 1.011062671058987616e-01 -5.645626337869881321e-03
4.200000000000000000e+01 3.800000000000000000e+01 0.000000000000000000e+00 8.848780121109503516e-02 -2.837435882649183040e-03
4.200000000000000000e+01 3.800000000000000000e+01 1.000000000000000000e+00 9.217720882369807855e-02 -3.712032249871572310e-03
4.200000000000000000e+01 3.800000000000000000e+01 2.000000000000000000e+00 9.595991615537283193e-02 -4.484428893852472446e-03
4.200000000000000000e+01 3.800000000000000000e+01 3.000000000000000000e+00 9.961368789151318903e-02 -5.158906994035516655e-03
4.200000000000000000e+01 3.800000000000000000e+01 4.000000000000000000e+00 1.033445202748248942e-01 -5.733565101235732833e-03
4.200000000000000000e+01 3.900000000000000000e+01 0.000000000000000000e+00 1.011825692564504720e-01 -4.135437934586799931e-03
4.200000000000000000e+01 3.900000000000000000e+01 1.000000000000000000e+00 1.038977548138311779e-01 -4.842276536339186997e-03
4.200000000000000000e+01 3.900000000000000000e+01 2.000000000000000000e+00 1.065468134716320708e-01 -5.473610692369968930e-03
4.200000000000000000e+01 3.900000000000000000e+01 3.000000000000000000e+00 1.095924338427949341e-01 -6.002933589215780560e-03
4.200000000000000000e+01 4.000000000000000000e+01 0.000000000000000000e+00 1.166758648797402570e-01 -5.541879727544544131e-03
4.200000000000000000e+01 4.000000000000000000e+01 1.000000000000000000e+00 1.187073131360553563e-01 -6.106339607655787358e-03
4.200000000000000000e+01 4.000000000000000000e+01 2.000000000000000000e+00 1.210955068265832657e-01 -6.575609600507353533e-03
4.200000000000000000e+01 4.100000000000000000e+01 0.000000000000000000e+00 1.334447383563552580e-01 -7.164655353599950344e-03
4.200000000000000000e+01 4.100000000000000000e+01 1.000000000000000000e+00 1.354771968606652277e-01 -7.581677565782794954e-03
4.200000000000000000e+01 4.200000000000000000e+01 0.000000000000000000e+00 1.489178963366624975e-01 -9.038798210737573890e-03
4.300000000000000000e+01 3.800000000000000000e+01 0.000000000000000000e+00 9.000921862814963148e-02 -2.324914384385072790e-03
4.300000000000000000e+01 3.800000000000000000e+01 1.000000000000000000e+00 9.341483430350412676e-02 -3.238333155166562682e-03
4.300000000000000000e+01 3.800000000000000000e+01 2.000000000000000000e+00 9.696434477290015452e-02 -4.041665940694340840e-03
4.300000000000000000e+01 3.800000000000000000e+01 3.000000000000000000e+00 1.003974793053037107e-01 -4.770774364062776648e-03
4.300000000000000000e+01 3.800000000000000000e+01 4.000000000000000000e+00 1.040468860563214665e-01 -5.377472508552623952e-03
4.300000000000000000e+01 3.800000000000000000e+01 5.000000000000000000e+00 1.075581599332718075e-01 -5.898104479793993965e-03
4.300000000000000000e+01 3.900000000000000000e+01 0.000000000000000000e+00 1.023395560313922065e-01 -3.665358712037905704e-03
4.300000000000000000e+01 3.900000000000000000e+01 1.000000000000000000e+00 1.047639298324961610e-01 -4.403836375569125661e-03
4.300000000000000000e+01 3.900000000000000000e+01 2.000000000000000000e+00 1.073375352250354881e-01 -5.077916871005293091e-03
4.300000000000000000e+01 3.900000000000000000e+01 3.000000000000000000e+00 1.101166353110131640e-01 -5.653831670526574156e-03
4.300000000000000000e+01 3.900000000000000000e+01 4.000000000000000000e+00 1.128957051148257312e-01 -6.136639477274798832e-03
4.300000000000000000e+01 4.000000000000000000e+01 0.000000000000000000e+00 1.171058339342196247e-01 -5.103711379693404680e-03
4.300000000000000000e+01 4.000000000000000000e+01 1.000000000000000000e+00 1.192519792642702248e-01 -5.709004701950502227e-03
4.300000000000000000e+01 4.000000000000000000e+01 2.000000000000000000e+00 1.212586088602113921e-01 -6.230498843209692286e-03
4.300000000000000000e+01 4.000000000000000000e+01 3.000000000000000000e+00 1.234808460621087123e-01 -6.660280551365090930e-03
4.300000000000000000e+01 4.100000000000000000e+01 0.000000000000000000e+00 1.335904260892871176e-01 -6.749537681459257844e-03
4.300000000000000000e+01 4.100000000000000000e+01 1.000000000000000000e+00 1.354762661006793933e-01 -7.213813154200335136e-03
4.300000000000000000e+01 4.100000000000000000e+01 2.000000000000000000e+00 1.374487610899414736e-01 -7.591425687425071463e-03
4.300000000000000000e+01 4.200000000000000000e+01 0.000000000000000000e+00 1.492234837418188187e-01 -8.637829817069560961e-03
4.300000000000000000e+01 4.200000000000000000e+01 1.000000000000000000e+00 1.510703603831920760e-01 -8.992244804731699612e-03
4.300000000000000000e+01 4.300000000000000000e+01 0.000000000000000000e+00 1.620120302276951973e-01 -1.081483023495972626e-02
4.400000000000000000e+01 3.900000000000000000e+01 0.000000000000000000e+00 1.033306938704444122e-01 -3.149650494294652450e-03
4.400000000000000000e+01 3.900000000000000000e+01 1.000000000000000000e+00 1.054154230515182561e-01 -3.916266392785031775e-03
4.400000000000000000e+01 3.900000000000000000e+01 2.000000000000000000e+00 1.077484817455455490e-01 -4.623319387660694210e-03
4.400000000000000000e+01 3.900000000000000000e+01 3.000000000000000000e+00 1.104030249812209541e-01 -5.249085899887118503e-03
4.400000000000000000e+01 3.900000000000000000e+01 4.000000000000000000e+00 1.132528510864026644e-01 -5.764446803872477591e-03
4.400000000000000000e+01 3.900000000000000000e+01 5.000000000000000000e+00 1.159933646611507191e-01 -6.216069541145211388e-03
4.400000000000000000e+01 4.000000000000000000e+01 0.000000000000000000e+00 1.176609920658183428e-01 -4.617405670130063193e-03
4.400000000000000000e+01 4.000000000000000000e+01 1.000000000000000000e+00 1.196218081406371370e-01 -5.255241474427120758e-03
4.400000000000000000e+01 4.000000000000000000e+01 2.000000000000000000e+00 1.216138121362178443e-01 -5.815697303070625768e-03
4.400000000000000000e+01 4.000000000000000000e+01 3.000000000000000000e+00 1.235865556303109569e-01 -6.289978268726309323e-03
4.400000000000000000e+01 4.000000000000000000e+01 4.000000000000000000e+00 1.256918852960007826e-01 -6.692320847983110679e-03
4.400000000000000000e+01 4.100000000000000000e+01 0.000000000000000000e+00 1.337017282901803439e-01 -6.285045857203332142e-03
4.400000000000000000e+01 4.100000000000000000e+01 1.000000000000000000e+00 1.356846694624522509e-01 -6.787333828450974917e-03
4.400000000000000000e+01 4.100000000000000000e+01 2.000000000000000000e+00 1.373304288295118247e-01 -7.216596084234283212e-03
4.400000000000000000e+01 4.100000000000000000e+01 3.000000000000000000e+00 1.391185232484802026e-01 -7.567994650998424201e-03
4.400000000000000000e+01 4.200000000000000000e+01 0.000000000000000000e+00 1.493346712700267531e-01 -8.198354134261787163e-03
4.400000000000000000e+01 4.200000000000000000e+01 1.000000000000000000e+00 1.511313478741813376e-01 -8.592028405445364600e-03
4.400000000000000000e+01 4.200000000000000000e+01 2.000000000000000000e+00 1.528461700189203132e-01 -8.912020551201065358e-03
4.400000000000000000e+01 4.300000000000000000e+01 0.000000000000000000e+00 1.623252401337394735e-01 -1.039930162940378051e-02
4.400000000000000000e+01 4.300000000000000000e+01 1.000000000000000000e+00 1.638809200945773037e-01 -1.071454527105076063e-02
4.400000000000000000e+01 4.400000000000000000e+01 0.000000000000000000e+00 1.727926256609352007e-01 -1.276130508145957403e-02
4.500000000000000000e+01 4.000000000000000000e+01 0.000000000000000000e+00 1.180910033121861519e-01 -4.092237173140383412e-03
4.500000000000000000e+01 4.000000000000000000e+01 1.000000000000000000e+00 1.197815678722442545e-01 -4.755535952376026103e-03
4.500000000000000000e+01 4.000000000000000000e+01 2.000000000000000000e+00 1.216225452148989861e-01 -5.348008054889989704e-03
4.500000000000000000e+01 4.000000000000000000e+01 3.000000000000000000e+00 1.235746837506280921e-01 -5.862620408508531500e-03
4.500000000000000000e+01 4.000000000000000000e+01 4.000000000000000000e+00 1.256499386316017597e-01 -6.304852900231906927e-03
4.500000000000000000e+01 4.000000000000000000e+01 5.000000000000000000e+00 1.276356148950125169e-01 -6.676711742425100668e-03
4.500000000000000000e+01 4.100000000000000000e+01 0.000000000000000000e+00 1.338659767051252059e-01 -5.783098540773620733e-03
4.500000000000000000e+01 4.100000000000000000e+01 1.000000000000000000e+00 1.356578149297197056e-01 -6.316928804918632914e-03
4.500000000000000000e+01 4.100000000000000000e+01 2.000000000000000000e+00 1.374401123393825530e-01 -6.776083761304979580e-03
4.500000000000000000e+01 4.100000000000000000e+01 3.000000000000000000e+00 1.390580250000657825e-01 -7.177919293665751058e-03
4.500000000000000000e+01 4.100000000000000000e+01 4.000000000000000000e+00 1.407223515545361348e-01 -7.503452697720342304e-03
4.500000000000000000e+01 4.200000000000000000e+01 0.000000000000000000e+00 1.493336056949858548e-01 -7.714845324324538269e-03
4.500000000000000000e+01 4.200000000000000000e+01 1.000000000000000000e+00 1.510275084687657254e-01 -8.134675853898012260e-03
4.500000000000000000e+01 4.200000000000000000e+01 2.000000000000000000e+00 1.526013324968576168e-01 -8.503788931391441375e-03
4.500000000000000000e+01 4.200000000000000000e+01 3.000000000000000000e+00 1.543277837473620018e-01 -8.800692380899810541e-03
4.500000000000000000e+01 4.300000000000000000e+01 0.000000000000000000e+00 1.625276641487618801e-01 -9.931415120652568526e-03
4.500000000000000000e+01 4.300000000000000000e+01 1.000000000000000000e+00 1.642682145030455176e-01 -1.028687889963637338e-02
4.500000000000000000e+01 4.300000000000000000e+01 2.000000000000000000e+00 1.656624751901006054e-01 -1.057437873801675074e-02
4.500000000000000000e+01 4.400000000000000000e+01 0.000000000000000000e+00 1.729762647176806556e-01 -1.234639639315668856e-02
4.500000000000000000e+01 4.400000000000000000e+01 1.000000000000000000e+00 1.743267047877763987e-01 -1.262975145408137476e-02
4.500000000000000000e+01 4.500000000000000000e+01 0.000000000000000000e+00 1.813318915865027858e-01 -1.470092860925539986e-02
4.600000000000000000e+01 4.100000000000000000e+01 0.000000000000000000e+00 1.341967849901095355e-01 -5.248837523847833288e-03
4.600000000000000000e+01 4.100000000000000000e+01 1.000000000000000000e+00 1.357198660640404342e-01 -5.805094586132541166e-03
4.600000000000000000e+01 4.100000000000000000e+01 2.000000000000000000e+00 1.373431686945495722e-01 -6.290837432226932709e-03
4.600000000000000000e+01 4.100000000000000000e+01 3.000000000000000000e+00 1.390274453970643531e-01 -6.731093069860271706e-03
4.600000000000000000e+01 4.100000000000000000e+01 4.000000000000000000e+00 1.405345375829673560e-01 -7.102148723055662187e-03
4.600000000000000000e+01 4.100000000000000000e+01 5.000000000000000000e+00 1.420726256250858244e-01 -7.402249613968857160e-03
4.600000000000000000e+01 4.200000000000000000e+01 0.000000000000000000e+00 1.494534402981000099e-01 -7.197261709701648080e-03
4.600000000000000000e+01 4.200000000000000000e+01 1.000000000000000000e+00 1.509892977694243521e-01 -7.645133452359871920e-03
4.600000000000000000e+01 4.200000000000000000e+01 2.000000000000000000e+00 1.526994157533287655e-01 -8.045289744834880144e-03
4.600000000000000000e+01 4.200000000000000000e+01 3.000000000000000000e+00 1.539834883243063057e-01 -8.391066528849310674e-03
4.600000000000000000e+01 4.200000000000000000e+01 4.000000000000000000e+00 1.554776531109536564e-01 -8.660486841838668445e-03
4.600000000000000000e+01 4.300000000000000000e+01 0.000000000000000000e+00 1.626542731433516797e-01 -9.434649376854866570e-03
4.600000000000000000e+01 4.300000000000000000e+01 1.000000000000000000e+00 1.641512028447425775e-01 -9.818640901109777080e-03
4.600000000000000000e+01 4.300000000000000000e+01 2.000000000000000000e+00 1.656531394728504025e-01 -1.014190900605075642e-02
4.600000000000000000e+01 4.300000000000000000e+01 3.000000000000000000e+00 1.670490325204596060e-01 -1.040622607785000354e-02
4.600000000000000000e+01 4.400000000000000000e+01 0.000000000000000000e+00 1.731889201429532010e-01 -1.187564037453585873e-02
4.600000000000000000e+01 4.400000000000000000e+01 1.000000000000000000e+00 1.745045191565790799e-01 -1.219559620112203521e-02
4.600000000000000000e+01 4.400000000000000000e+01 2.000000000000000000e+00 1.757301160005678153e-01 -1.245438904796316269e-02
4.600000000000000000e+01 4.500000000000000000e+01 0.000000000000000000e+00 1.814793521626154316e-01 -1.428081057916410178e-02
4.600000000000000000e+01 4.500000000000000000e+01 1.000000000000000000e+00 1.826899085374913134e-01 -1.453364727291010274e-02
4.600000000000000000e+01 4.600000000000000000e+01 0.000000000000000000e+00 1.881602327415308751e-01 -1.648024205924847330e-02
4.700000000000000000e+01 4.200000000000000000e+01 0.000000000000000000e+00 1.496514711947883325e-01 -6.660839016780598608e-03
4.700000000000000000e+01 4.200000000000000000e+01 1.000000000000000000e+00 1.510241169560715691e-01 -7.128160141956972791e-03
4.700000000000000000e+01 4.200000000000000000e+01 2.000000000000000000e+00 1.525429334359728328e-01 -7.556972123437858367e-03
4.700000000000000000e+01 4.200000000000000000e+01 3.000000000000000000e+00 1.540554098257590210e-01 -7.931864650070247907e-03
4.700000000000000000e+01 4.200000000000000000e+01 4.000000000000000000e+00 1.553004814076137940e-01 -8.250856416332393029e-03
4.700000000000000000e+01 4.200000000000000000e+01 5.000000000000000000e+00 1.566361443635974349e-01 -8.494760689471254900e-03
4.700000000000000000e+01 4.300000000000000000e+01 0.000000000000000000e+00 1.627987470863216934e-01 -8.915528852349518044e-03
4.700000000000000000e+01 4.300000000000000000e+01 1.000000000000000000e+00 1.641511205447701571e-01 -9.325112623614129070e-03
4.700000000000000000e+01 4.300000000000000000e+01 2.000000000000000000e+00 1.655467957199007745e-01 -9.678577854609446418e-03
4.700000000000000000e+01 4.300000000000000000e+01 3.000000000000000000e+00 1.668638992537740118e-01 -9.984661615320772343e-03
4.700000000000000000e+01 4.300000000000000000e+01 4.000000000000000000e+00 1.681594765339780306e-01 -1.021921282515987281e-02
4.700000000000000000e+01 4.400000000000000000e+01 0.000000000000000000e+00 1.734394373041201476e-01 -1.138214511062300011e-02
4.700000000000000000e+01 4.400000000000000000e+01 1.000000000000000000e+00 1.747194604752759228e-01 -1.173030667710720648e-02
4.700000000000000000e+01 4.400000000000000000e+01 2.000000000000000000e+00 1.759311691649538545e-01 -1.202489830629189030e-02
4.700000000000000000e+01 4.400000000000000000e+01 3.000000000000000000e+00 1.769739195374316898e-01 -1.226102561560774712e-02
4.700000000000000000e+01 4.500000000000000000e+01 0.000000000000000000e+00 1.817707087839695312e-01 -1.383183087718371264e-02
4.700000000000000000e+01 4.500000000000000000e+01 1.000000000000000000e+00 1.829294813340525683e-01 -1.411860971618526112e-02
4.700000000000000000e+01 4.500000000000000000e+01 2.000000000000000000e+00 1.840554035573142844e-01 -1.434791113232068184e-02
4.700000000000000000e+01 4.600000000000000000e+01 0.000000000000000000e+00 1.883447805075669779e-01 -1.607758007097424835e-02
4.700000000000000000e+01 4.600000000000000000e+01 1.000000000000000000e+00 1.893561097451149644e-01 -1.630140871317304480e-02
4.700000000000000000e+01 4.700000000000000000e+01 0.000000000000000000e+00 1.934427341040399206e-01 -1.811389546922478541e-02
4.800000000000000000e+01 4.300000000000000000e+01 0.000000000000000000e+00 1.630020410106227668e-01 -8.387731276331179125e-03
4.800000000000000000e+01 4.300000000000000000e+01 1.000000000000000000e+00 1.641468701636746852e-01 -8.819155709305427290e-03
4.800000000000000000e+01 4.300000000000000000e+01 2.000000000000000000e+00 1.655637674445422647e-01 -9.195561910801459959e-03
4.800000000000000000e+01 4.300000000000000000e+01 3.000000000000000000e+00 1.668696359166362830e-01 -9.527642166811341878e-03
4.800000000000000000e+01 4.300000000000000000e+01 4.000000000000000000e+00 1.678573067078183711e-01 -9.803188533943296701e-03
4.800000000000000000e+01 4.300000000000000000e+01 5.000000000000000000e+00 1.690952151962988315e-01 -1.001385026475403069e-02
4.800000000000000000e+01 4.400000000000000000e+01 0.000000000000000000e+00 1.737480497652294231e-01 -1.087739144190817513e-02
4.800000000000000000e+01 4.400000000000000000e+01 1.000000000000000000e+00 1.747544358291489575e-01 -1.124968614667159680e-02
4.800000000000000000e+01 4.400000000000000000e+01 2.000000000000000000e+00 1.759493855555855635e-01 -1.156974171703671443e-02
4.800000000000000000e+01 4.400000000000000000e+01 3.000000000000000000e+00 1.771212255421744375e-01 -1.183944856677767409e-02
4.800000000000000000e+01 4.400000000000000000e+01 4.000000000000000000e+00 1.780946259121072017e-01 -1.205366070021771444e-02
4.800000000000000000e+01 4.500000000000000000e+01 0.000000000000000000e+00 1.820072020987560102e-01 -1.336192244358756949e-02
4.800000000000000000e+01 4.500000000000000000e+01 1.000000000000000000e+00 1.828991014629813838e-01 -1.367707739095296547e-02
4.800000000000000000e+01 4.500000000000000000e+01 2.000000000000000000e+00 1.839542904202050855e-01 -1.393412302793087601e-02
4.800000000000000000e+01 4.500000000000000000e+01 3.000000000000000000e+00 1.850218145928458624e-01 -1.414201150137961265e-02
4.800000000000000000e+01 4.600000000000000000e+01 0.000000000000000000e+00 1.885488607866135646e-01 -1.564470272878993803e-02
4.800000000000000000e+01 4.600000000000000000e+01 1.000000000000000000e+00 1.893776876444500934e-01 -1.589726165193067892e-02
4.800000000000000000e+01 4.600000000000000000e+01 2.000000000000000000e+00 1.903535255802725756e-01 -1.609762435874446951e-02
4.800000000000000000e+01 4.700000000000000000e+01 0.000000000000000000e+00 1.934802016956424786e-01 -1.771909642019609682e-02
4.800000000000000000e+01 4.700000000000000000e+01 1.000000000000000000e+00 1.941668063400371902e-01 -1.791571218232860391e-02
4.800000000000000000e+01 4.800000000000000000e+01 0.000000000000000000e+00 1.965067623858289814e-01 -1.968951069488084071e-02
4.900000000000000000e+01 4.400000000000000000e+01 0.000000000000000000e+00 1.739422371255786304e-01 -1.037202034978998433e-02
4.900000000000000000e+01 4.400000000000000000e+01 1.000000000000000000e+00 1.748742225372810766e-01 -1.076268127836435030e-02
4.900000000000000000e+01 4.400000000000000000e+01 2.000000000000000000e+00 1.759154273406041413e-01 -1.110903929429315172e-02
4.900000000000000000e+01 4.400000000000000000e+01 3.000000000000000000e+00 1.770127577449613632e-01 -1.139438602021785457e-02
4.900000000000000000e+01 4.400000000000000000e+01 4.000000000000000000e+00 1.780920405381250515e-01 -1.164042440655688876e-02
4.900000000000000000e+01 4.400000000000000000e+01 5.000000000000000000e+00 1.789921381768815878e-01 -1.183024055695520473e-02
4.900000000000000000e+01 4.500000000000000000e+01 0.000000000000000000e+00 1.822448455618264351e-01 -1.288248481650648009e-02
4.900000000000000000e+01 4.500000000000000000e+01 1.000000000000000000e+00 1.830008243879623075e-01 -1.322035948293388309e-02
4.900000000000000000e+01 4.500000000000000000e+01 2.000000000000000000e+00 1.840002459336221308e-01 -1.350368786974306436e-02
4.900000000000000000e+01 4.500000000000000000e+01 3.000000000000000000e+00 1.849706183244241575e-01 -1.373769416373025500e-02
4.900000000000000000e+01 4.500000000000000000e+01 4.000000000000000000e+00 1.859012751410957232e-01 -1.392681657809362143e-02
4.900000000000000000e+01 4.600000000000000000e+01 0.000000000000000000e+00 1.888529866359014986e-01 -1.519696816063758477e-02
4.900000000000000000e+01 4.600000000000000000e+01 1.000000000000000000e+00 1.894797238110465520e-01 -1.547334973846363135e-02
4.900000000000000000e+01 4.600000000000000000e+01 2.000000000000000000e+00 1.904170508548085894e-01 -1.570206678672283682e-02
4.900000000000000000e+01 4.600000000000000000e+01 3.000000000000000000e+00 1.912497637072099188e-01 -1.588621321240308790e-02
4.900000000000000000e+01 4.700000000000000000e+01 0.000000000000000000e+00 1.937609908152422011e-01 -1.730472201671328161e-02
4.900000000000000000e+01 4.700000000000000000e+01 1.000000000000000000e+00 1.942546262867095030e-01 -1.752834087498312404e-02
4.900000000000000000e+01 4.700000000000000000e+01 2.000000000000000000e+00 1.950431660404323142e-01 -1.770728174749972017e-02
4.900000000000000000e+01 4.800000000000000000e+01 0.000000000000000000e+00 1.967574720342814831e-01 -1.930642318039711355e-02
4.900000000000000000e+01 4.800000000000000000e+01 1.000000000000000000e+00 1.971367913620315770e-01 -1.948369136206657901e-02
4.900000000000000000e+01 4.900000000000000000e+01 0.000000000000000000e+00 1.980794409590675431e-01 -2.128050375865527671e-02
